   1.0000000000000000     
   11.792999999999999     
   11.792849975908496     
   11.792699951834733     
   11.792549927796452     
   11.792399903811397     
   11.792249879897305     
   11.792099856071918     
   11.791949832352975     
   11.791799808758222     
   11.791649785305395     
   11.791499762012238     
   11.791349738896487     
   11.791199715975884     
   11.791049693268164     
   11.790899670791067     
   11.790749648562329     
   11.790599626599686     
   11.790449604920875     
   11.790299583543630     
   11.790149562485686     
   11.789999541764779     
   11.789849521398637     
   11.789699501404995     
   11.789549481801581     
   11.789399462606125     
   11.789249443836360     
   11.789099425510013     
   11.788949407644807     
   11.788799390258470     
   11.788739383442980     
   11.788679376708084     
   11.788619370054912     
   11.788589366759396     
   11.788559363484739     
   11.788529360231079     
   11.788514358612177     
   11.788505357643379     
   11.788502357320871     
   11.788499356998576     
   11.759924860978254     
   11.731350400399101     
   11.645627414996401     
   11.502758930464251     
   11.217045276883624     
   10.931393252054908     
   10.645833251658352     
   10.360395453586900     
   9.5049946038213626     
   8.9359253286323082     
   8.3680363272835443     
   7.8015381695140071     
   7.2366279296063238     
   6.6734870510395830     
   6.1122792040031761     
   5.3892648284448281     
   4.6700053955231606     
   3.9546923873384419     
   3.2434334081069784     
   2.5362371704222717     
   1.8329927849065011     
   1.1334402683950304     
  0.43712800246666628     
  -2.8447663552145092E-002
 -0.21004508482364315     
 -0.34516525405773268     
 -0.46444733865231336     
 -0.57497865077545507     
 -0.67971743859679723     
 -0.78021335460217167     
 -0.87738937499602154     
 -0.97184368104680829     
  -1.0639881407152560     
  -1.1541196157176805     
  -1.2424598920315890     
  -1.3291795236158217     
  -1.4144128166316694     
  -1.4982676481515558     
  -1.5808321290534135     
  -1.6621792619549378     
  -1.7423702821543103     
  -1.8214571081840774     
  -1.8994841750348481     
  -1.9764898297390094     
  -2.0525074104977463     
  -2.1275660928827587     
  -2.2016915618310691     
  -2.2749065514466533     
  -2.3472312831577202     
  -2.4186838247705840     
  -2.4892803872774669     
  -2.5590355721819615     
  -2.6186155439021990     
  -2.6776192971413262     
  -2.7360758900126463     
  -2.8798019420723460     
  -3.0201780961893050     
  -3.1572415861173613     
  -3.2910243323704380     
  -3.4215542100914469     
  -3.5488560352662537     
  -3.6729523414841214     
  -3.7938639984675913     
  -3.9116107093429231     
  -4.0262114137465810     
  -4.1376846168987509     
  -4.2460486597859175     
  -4.3513219419707383     
  -4.4535231058824785     
  -4.5526711894596996     
  -4.6487857525289495     
  -4.7418869811759192     
  -4.8319957735047918     
  -4.9191338095193426     
  -5.0033236073466369     
  -5.1629206666380822     
  -5.3110195594687877     
  -5.4478336233849429     
  -5.5735918023919071     
  -5.6885384911660211     
  -5.7929330909377548     
  -5.8870493341108592     
  -5.9711744243036868     
  -6.0456080308653064     
  -6.1106611710722385     
  -6.1666550085587941     
  -6.2139195927054232     
  -6.2527925604730239     
  -6.2836178193785450     
  -6.3067442278618646     
  -6.3225242871305607     
  -6.3313128566412162     
  -6.3334659036486762     
  -6.3293392957002697     
  -6.3192876435477103     
  -6.3036632006755591     
  -6.2828148244854507     
  -6.2570870031155525     
  -6.2268189509035334     
  -6.1923437746093164     
  -6.1539877116937891     
  -6.1120694411962848     
  -6.0668994670632639     
  -5.9676957374232780     
  -5.8010527226815158     
  -5.5566283424916092     
  -5.3662073727448618     
  -5.0465315236601533     
  -4.7425291264102576     
  -4.4668592068369479     
  -4.1836030398601336     
  -3.9373484468484139     
  -3.7252011815273907     
  -3.5458516364613404     
  -3.3969518330021677     
  -3.2755311860371967     
  -3.1783115989712267     
  -3.1019427900976262     
  -3.0431729952416897     
  -2.9989665493891895     
  -2.9665779485729478     
  -2.9300100933677151     
  -2.9158311781542081     
  -2.9137461920894019     
  -2.9173195669794167     
  -2.9228575105904140     
  -2.9284575646743236     
  -2.9332963139377579     
  -2.9371426431555006     
  -2.9420169648666716     
  -2.9446555400571857     
  -2.9449822573118722     
  -2.9449998073619952     
  -2.9449999958583635     
  -2.9449999999200043     
  -2.9449999999985130     
  -2.9450000000000003     
