          1        1.000   2.861000000000   0.000000000000   3.992000000000   3.305905660377   2.670433962264   1.094000000000  -0.009324675325  -0.291857142857  -0.570428571429  -0.828121951220  -1.103597402597  -1.866208860759  -2.329506944444  -2.945000000000
          1        2.000   2.633000000000   0.000000000000   2.624233379150   1.990970138237   1.659326728653   0.977752739450   0.000475520367  -0.299118363422  -0.541580952325  -0.852996623863  -1.157857894524  -1.733170817797  -2.164439256660  -2.603709250443
          1        3.000   4.417000000000   0.000000000000   4.394031785205   3.071231439747   2.475968655835   1.393612210550   0.007502463748  -0.294508005151  -0.536582278998  -0.841005993058  -1.128802773185  -1.650283345508  -2.036740067185  -2.452772764257
          1        4.000   3.715000000000   0.000000000000   3.703894176366   2.845262405661   2.382191267834   1.416793948496   0.022237338710  -0.283338814721  -0.523009829603  -0.817015701505  -1.089768894982  -1.577082217565  -1.938741474346  -2.340695479134
          1        5.000   4.884000000000   0.000000000000   4.861722399514   3.499876836154   2.859088015248   1.648328571175   0.039296654932  -0.269118508204  -0.504130672733  -0.788445694468  -1.049424286343  -1.512770470454  -1.857939888988  -2.249725499168
          1        6.000   7.242000000000   0.000000000000   7.207002980073   5.142513430017   4.199004778090   2.469831128503   0.294793260145  -0.241676310843  -0.480485959118  -0.758368354378  -1.010246832027  -1.455559389961  -1.788567903320  -2.172336734548
          1        7.000  11.392000000000   0.000000000000  11.336834634268   8.143919782693   6.706599932389   4.106158087657   0.831337815147  -0.210837234865  -0.450671963950  -0.725462760107  -0.971524975389  -1.403747440528  -1.727453518422  -2.104638243642
          1        8.000   8.799000000000   0.000000000000   8.781353418216   7.211741003900   6.313968780664   4.377061895082   1.499108086130  -0.152485505463  -0.411545641736  -0.689649020667  -0.932775775435  -1.355703174714  -1.672280965477  -2.044070293921
          1        9.000  10.312000000000   0.000000000000  10.274505091095   7.922174666434   6.801484712459   4.683878825023   1.943652111848  -0.092276546762  -0.369761245837  -0.651077872036  -0.893022623898  -1.310122187138  -1.621517794685  -1.989049049135
          1       10.000  10.063000000000   0.000000000000  10.034598575326   8.056396347463   7.048318128303   5.032676971625   2.245303134941  -0.043218943221  -0.330983784322  -0.612391920002  -0.853354990421  -1.266386724733  -1.574025598626  -1.938343985943
          1       11.000   7.578000000000   0.000000000000   7.567892720660   6.526980177868   5.896134984743   4.481831954932   2.302518652388   0.032667325949  -0.290952732013  -0.575391296749  -0.815272999928  -1.224557603725  -1.529176454786  -1.891006537668
          1       12.000   5.289000000000   0.000000000000   5.285551762620   4.724893978107   4.339033676410   3.403696836005   1.852128847491   0.161564782950  -0.254357213030  -0.539866043053  -0.778636125179  -1.184707597237  -1.486762048132  -1.846533330113
          1       13.000   4.694000000000   0.000000000000   4.684838369312   3.971350003110   3.580473398151   2.745244639689   1.487079908969   0.171152294129  -0.222399209544  -0.506649616692  -0.743951605984  -1.146821228673  -1.446556074289  -1.804526254614
          1       14.000   6.013000000000   0.000000000000   5.991422126215   4.699304483538   4.101657965351   2.993561532085   1.569045723468   0.221489078755  -0.199832288434  -0.477962792925  -0.712110309832  -1.111031087541  -1.408455693646  -1.764721817273
          1       15.000   8.297000000000   0.000000000000   8.264649551457   6.372966003635   5.517575409030   3.973543684727   2.070859122093   0.344364386542  -0.178916428604  -0.453421017124  -0.683701383142  -1.077662336265  -1.372494914413  -1.726953519688
          1       16.000  12.909000000000   0.000000000000  12.854119914949   9.750304925556   8.386896529741   6.002294606287   3.205073974534   0.793266581891  -0.131837591967  -0.427134198083  -0.657047300158  -1.046674291042  -1.338706910734  -1.691134531885
          1       17.000  10.614000000000   0.000000000000  10.597143421386   9.124726495737   8.291143237254   6.511088286665   3.908800247249   1.313419210017  -0.012639205240  -0.390169613980  -0.627812795273  -1.017007935156  -1.306786207924  -1.657162585525
          1       18.000   7.266000000000   0.000000000000   7.265159904067   6.733793728023   6.316968558776   5.248014842700   3.401227972016   1.336955998764   0.223118666655  -0.341787468078  -0.592407489529  -0.986774963981  -1.275902267508  -1.624781835043
          1       19.000  10.300000000000   0.000000000000  10.262670472894   8.131584493226   7.179543319521   5.464867378649   3.329483509516   1.354952379933   0.348866246733  -0.293390546735  -0.553529402981  -0.955004061797  -1.245125084815  -1.593552279408
          1       20.000  14.891000000000   0.000000000000  14.833634411606  11.557384360758  10.107279938521   7.554128569570   4.540676816215   1.956624257920   0.710553428743  -0.246211323957  -0.516434909756  -0.922650702339  -1.214217341799  -1.563059774377
          1       21.000  10.420000000000   0.000000000000  10.416696864744   9.565401861273   8.951694933975   7.463086652014   5.048644046879   2.493932128251   1.153719190318  -0.179466534267  -0.476543332364  -0.890356562144  -1.183511444299  -1.533139181011
          1       22.000   6.722000000000   0.000000000000   6.727560715349   6.582092222076   6.339443179857   5.572261054692   4.046604641125   2.187666357726   1.135044531283  -0.110159413811  -0.430534996616  -0.856976717167  -1.152834995695  -1.503734780442
          1       23.000   5.862000000000   0.000000000000   5.856186839070   5.331262207596   5.017816355712   4.294696908920   3.095512655781   1.722230622262   0.950798427698  -0.044560010172  -0.387163215734  -0.822709019222  -1.121830085308  -1.474682295339
          1       24.000   5.915000000000   0.000000000000   5.903404435809   5.114539810256   4.713320788909   3.899494492982   2.726174857344   1.511101377446   0.859240355075  -0.015440809484  -0.351240364314  -0.789308177034  -1.090922145417  -1.445889227065
          1       25.000   4.952000000000   0.000000000000   4.946906755152   4.461468315546   4.172557254552   3.524422815070   2.507014365997   1.408990349002   0.812170621665   0.006686578251  -0.323861873920  -0.758522205376  -1.060928703299  -1.417491924274
          1       26.000   6.248000000000   0.000000000000   6.229146235327   5.119795666603   4.612606672181   3.679930793761   2.488797370755   1.366207349705   0.789346768531   0.028837400151  -0.301940846939  -0.730954291579  -1.032565658333  -1.389780744007
          1       27.000   8.157000000000   0.000000000000   8.129986599432   6.551312174982   5.838927777513   4.559050264129   3.002646839569   1.628891257164   0.955995002260   0.095177792978  -0.282732113058  -0.706307979705  -1.006105876613  -1.363032929633
          1       28.000   7.741000000000   0.000000000000   7.726189978252   6.656099220940   6.101973092906   4.986858665971   3.443872673990   1.950127442430   1.190034477988   0.207076838834  -0.261955778891  -0.683779393557  -0.981469290906  -1.337409969805
          1       29.000   9.250000000000   0.000000000000   9.223587510424   7.628437645023   6.888092842061   5.516930212385   3.770945423632   2.156074314701   1.342544013975   0.286444882194  -0.240375845064  -0.662365314534  -0.958290142674  -1.312934670039
          1       30.000   7.398000000000   0.000000000000   7.391981739342   6.720285817923   6.303410030529   5.357359397596   3.884811676435   2.338731771016   1.520019931053   0.437289788627  -0.214147511496  -0.641611053172  -0.936196393112  -1.289515936664
          1       31.000   7.283000000000   0.000000000000   7.270278353966   6.381067660062   5.922700213717   4.986768585810   3.635740317532   2.243689707145   1.499447355660   0.500420276590  -0.185461239222  -0.620613611538  -0.914820325151  -1.267019730671
          1       32.000   8.344000000000   0.000000000000   8.322700149278   7.013461305077   6.396427651684   5.233918909867   3.713768805514   2.268724153508   1.529527514581   0.564899973071  -0.159734256046  -0.599555705824  -0.893817845463  -1.245273117434
          1       33.000   9.153000000000   0.000000000000   9.130682574172   7.718090870362   7.041454477583   5.756231195268   4.076405543697   2.501655540781   1.707963438049   0.683689843319  -0.128012044338  -0.578881817937  -0.873241308424  -1.224139983456
          1       34.000   5.683000000000   0.000000000000   5.689829666416   5.668556442886   5.508431628332   4.957177298939   3.849207210739   2.525506988898   1.784960048014   0.774811589875  -0.099126315509  -0.558226862568  -0.853047674725  -1.203557744023
          1       35.000   6.576000000000   0.000000000000   6.561239571720   5.672386923116   5.253612136342   4.449182646107   3.338939419345   2.197644820723   1.577185986451   0.729710039744  -0.066211732702  -0.538006953930  -0.833213097677  -1.183468926435
          1       36.000   7.128000000000   0.000000000000   7.112006228248   6.094752810394   5.604203923998   4.662605472360   3.405832207366   2.192895094846   1.566342913226   0.741228555306  -0.036724335883  -0.518223746659  -0.813814575379  -1.163844903930
          1       37.000   7.524000000000   0.000000000000   7.507747582877   6.451493740510   5.935848143105   4.938924949715   3.605178618669   2.327910977495   1.675533157752   0.825105128303  -0.010827531994  -0.499165542819  -0.794883407773  -1.144676851802
          1       38.000   7.505000000000   0.000000000000   7.491047067689   6.533631133592   6.049840345479   5.087768621802   3.759008035273   2.455862705503   1.782152652502   0.897843774809   0.026566843804  -0.481234813197  -0.776561451200  -1.125971924757
          1       39.000   6.193000000000   0.000000000000   6.188733757083   5.711355145500   5.412672866237   4.726193867388   3.633968933077   2.456316615149   1.819716064257   0.963680200815   0.109448800437  -0.464202314542  -0.758956601342  -1.107764419609
          1       40.000   4.214000000000   0.000000000000   4.218093050923   4.216862385706   4.125947338256   3.793346866879   3.083199822282   2.182038392621   1.655512856802   0.913951001780   0.153719862271  -0.447076045907  -0.741917736069  -1.090076465598
          1       41.000   4.108000000000   0.000000000000   4.103251046310   3.759687526720   3.574703593219   3.173560998884   2.534623242471   1.801244551506   1.378007665753   0.776446919170   0.150062850577  -0.430335511404  -0.725243520793  -1.072869101159
          1       42.000   4.420000000000   0.000000000000   4.411363544372   3.862719907210   3.596249749169   3.076090316115   2.355366824542   1.622232391570   1.226704507440   0.686946337097   0.138128942841  -0.414956180245  -0.709085946323  -1.056099561484
          1       43.000   5.578000000000   0.000000000000   5.562029525865   4.631975478151   4.212043310537   3.453496288262   2.515989719208   1.665762298047   1.239781203928   0.686999955427   0.143118661034  -0.401257908665  -0.693704089823  -1.039789471939
          1       44.000   7.315000000000   0.000000000000   7.291889954830   5.956412643586   5.359941999158   4.301199500782   3.040333175041   1.957310673378   1.439766806105   0.794448545855   0.179872249926  -0.389090597569  -0.679243232970  -1.023999930922
          1       45.000  12.505000000000   0.000000000000  12.453312955987   9.650474655848   8.466005636312   6.485102256279   4.337300026425   2.676606215425   1.941499615823   1.077448845531   0.291095495774  -0.377860356067  -0.665696344939  -1.008785354641
          1       46.000  13.848000000000   0.000000000000  13.811696528856  11.523959291246  10.441711511299   8.435211667438   5.951232586818   3.810731945624   2.814182743438   1.617854994456   0.522767916059  -0.366186309679  -0.652829582723  -0.994161155864
          1       47.000  13.288000000000   0.000000000000  13.265130747325  11.624829654326  10.779864539555   9.089467780714   6.776989011794   4.582866677018   3.493386683680   2.123636189200   0.832587259613  -0.352559837502  -0.640178762134  -0.980070311644
          1       48.000  12.362000000000   0.000000000000  12.345351072368  11.075601238077  10.394964063942   8.980577690802   6.938892642370   4.885140877644   3.818187859943   2.425951344918   1.080246221210  -0.333687693063  -0.626932344955  -0.966366826572
          1       49.000  10.019000000000   0.000000000000  10.015670862073   9.455914488314   9.068747993332   8.127939704202   6.556881085600   4.810366275589   3.853537345782   2.559924651821   1.269004095438  -0.308576919718  -0.612167783195  -0.952779545446
          1       50.000   9.776000000000   0.000000000000   9.763703238466   8.883888554715   8.421547673138   7.456962044246   6.018421606676   4.482809328577   3.640377564950   2.486865062627   1.317816473457  -0.280483694442  -0.595431340887  -0.938977691991
          1       51.000   8.137000000000   0.000000000000   8.134250673689   7.712801682918   7.424720298999   6.723841968104   5.539730894488   4.194099169994   3.439989406707   2.397032447928   1.331798721156  -0.249771624535  -0.577100238367  -0.924725276940
          1       52.000   5.812000000000   0.000000000000   5.817904832526   5.890601857002   5.819508775253   5.493152761014   4.727792868288   3.705984359782   3.090450031369   2.201502745381   1.267471820910  -0.223247681922  -0.557950808488  -0.909956085669
          1       53.000   4.303000000000   0.000000000000   4.307991199821   4.431943475182   4.419656140920   4.256658651285   3.774351124017   3.051726987726   2.587835159274   1.886341447195   1.119818684942  -0.197117314869  -0.539046337782  -0.894806468546
          1       54.000   4.082000000000   0.000000000000   4.079963678427   3.905282696454   3.799467314534   3.543401949179   3.078096641336   2.480171866624   2.108960055464   1.550195457086   0.936720366261  -0.176073313893  -0.520642330971  -0.879502494997
          1       55.000   9.054000000000   0.000000000000   9.013806607862   6.962258127418   6.138727617723   4.827085508138   3.485244251169   2.465587921757   1.997203352909   1.410895987909   0.839598392776  -0.161033665015  -0.503469736171  -0.864247629450
          1       56.000  11.002000000000   0.000000000000  10.969894032854   9.052923296048   8.180569557406   6.619332046572   4.773842193352   3.248343472413   2.555764526494   1.740093016538   1.010163397826  -0.149482467035  -0.487991299538  -0.849282621993
          1       57.000   5.584000000000   0.000000000000   5.601985811854   6.072707285042   6.082561027934   5.759496907092   4.834081303568   3.646031497679   2.986783694236   2.113668292478   1.270488547953  -0.136997273666  -0.474089762289  -0.834818701212
          1       58.000   5.099000000000   0.000000000000   5.097669197651   4.932186751691   4.816054964357   4.509168946503   3.917001618483   3.148704378673   2.680161287750   1.992662547863   1.258153425596  -0.116311360227  -0.460997797415  -0.820955108581
          1       59.000   4.623000000000   0.000000000000   4.620891236938   4.406541561076   4.272040034077   3.950521615253   3.393980718275   2.722664654362   2.324229871015   1.743706971855   1.121329012497  -0.098642372757  -0.447759256217  -0.807620839628
          1       60.000   4.863000000000   0.000000000000   4.855947088358   4.405004017403   4.183712466070   3.744532298182   3.116378385122   2.450248849633   2.077882460478   1.552757661431   1.000205283758  -0.085942324244  -0.434719378350  -0.794659543961
          1       61.000   6.392000000000   0.000000000000   6.374352737728   5.381476514641   4.945187548951   4.176585756492   3.254585935067   2.432612576273   2.020698085456   1.481843308850   0.945672104125  -0.076198347941  -0.422445022252  -0.782024238775
          1       62.000   4.398000000000   0.000000000000   4.401425923628   4.355997460225   4.248990786244   3.908894472135   3.257453894547   2.503864045235   2.090286833040   1.533482175926   0.978663096274  -0.067690937282  -0.411126295658  -0.769764797724
          1       63.000   4.258000000000   0.000000000000   4.253989014717   3.957245615635   3.796569683220   3.449595101406   2.905550016103   2.295153100701   1.948655787105   1.460753018891   0.952275003438  -0.057386380047  -0.400691153155  -0.757941416776
          1       64.000   4.434000000000   0.000000000000   4.427306821898   3.992802415519   3.778669089472   3.355600590052   2.761484778056   2.150748585791   1.818650452609   1.361218471652   0.889516752282  -0.048698936570  -0.390886904349  -0.746580656418
          1       65.000   2.428000000000   0.000000000000   2.436075053210   2.705201484176   2.752737566131   2.705148445121   2.417278415412   1.966279005713   1.685199540385   1.274543787966   0.838533399531  -0.042041371490  -0.381622951657  -0.735667640909
          1       66.000   2.273000000000   0.000000000000   2.272864385379   2.238542596783   2.208345997935   2.114592412331   1.903248352746   1.594389068230   1.391265468285   1.075131967884   0.719184150593  -0.037954484939  -0.372952780740  -0.725179091792
          1       67.000   3.680000000000   0.000000000000   3.667904714139   3.037048723122   2.776775048720   2.344387986105   1.858915596404   1.434961900890   1.216622484737   0.917884093710   0.605240823685  -0.037371673449  -0.364942036718  -0.715104744858
          1       68.000   4.906000000000   0.000000000000   4.890970030847   4.036344552643   3.660272288773   3.004121675419   2.244395949157   1.611708941190   1.315359835565   0.950765520821   0.607339597391  -0.037756199598  -0.357683407411  -0.705447082458
          1       69.000   4.289000000000   0.000000000000   4.284484695602   3.890199762637   3.667741266524   3.195781016859   2.515290815602   1.850581818433   1.517079256812   1.096015271151   0.698704907627  -0.035997775874  -0.351186654807  -0.696218651912
          1       70.000   3.040000000000   0.000000000000   3.042458229043   3.034147171596   2.974943161913   2.768926271660   2.347957771818   1.836492818722   1.547424305531   1.150633868613   0.750128334863  -0.031565545485  -0.345295720626  -0.687428767482
          1       71.000   3.396000000000   0.000000000000   3.390232970571   3.043859850422   2.880822200394   2.567357785288   2.132419048193   1.679422603756   1.428807128799   1.078759661495   0.714096131578  -0.027202048181  -0.339769527631  -0.679065441010
          1       72.000   4.317000000000   0.000000000000   4.305643748994   3.658003668067   3.370431724573   2.859144637109   2.239546542309   1.684581235686   1.406796039706   1.044592620663   0.685543061585  -0.024353239525  -0.334457089325  -0.671091318315
          1       73.000   3.219000000000   0.000000000000   3.219660268349   3.110821668148   3.009771488780   2.739430886418   2.267856781879   1.744676729002   1.462094894656   1.084791484165   0.710787669238  -0.021457360647  -0.329344885181  -0.663459456254
          1       74.000   8.118000000000   0.000000000000   8.079004705111   6.099992452072   5.311560888300   4.071364829959   2.842250863645   1.963771843612   1.586635075309   1.145347553563   0.742503045579  -0.017972869128  -0.324446992675  -0.656131141306
          1       75.000  10.400000000000   0.000000000000  10.366790768984   8.421932668067   7.551016035881   6.019490520560   4.262051842360   2.867206304216   2.259030065233   1.573621564256   0.991530509863  -0.010452520305  -0.319739338751  -0.649078780684
          1       76.000   9.139000000000   0.000000000000   9.127881781352   8.194054811355   7.677422527725   6.599923104849   5.084878197204   3.654163890904   2.961378487961   2.121132940814   1.365432150507   0.018675635112  -0.315129036092  -0.642279262293
          1       77.000   4.111000000000   0.000000000000   4.132540923183   4.897521207264   5.065074504377   5.053399483856   4.518807729100   3.639372037501   3.103933481286   2.352694172106   1.594528501244   0.116568423812  -0.310183373549  -0.635703286766
          1       78.000   6.728000000000   0.000000000000   6.708241282608   5.718424271463   5.319649790038   4.658384480127   3.882364958107   3.135171089978   2.720865814881   2.128716674548   1.495655894121   0.159668221652  -0.303921814361  -0.629279843464
          1       79.000   5.428000000000   0.000000000000   5.427161714811   5.187307417570   5.011362239668   4.577833103211   3.855687213712   3.059054636118   2.621665339030   2.022913892384   1.411500102038   0.169685098934  -0.296556983935  -0.622866429493
          1       80.000   2.463000000000   0.000000000000   2.477819985776   3.071832442561   3.238880808201   3.352693431623   3.159507289914   2.693976547189   2.372314543030   1.878586232469   1.338417949474   0.196958880540  -0.288744367019  -0.616349476769
          1       81.000   2.403000000000   0.000000000000   2.404024269176   2.460669518163   2.477018613619   2.469105049362   2.348294329401   2.082319956516   1.878632586411   1.533428022397   1.121187740506   0.177901716604  -0.280572185994  -0.609701996706
          1       82.000   3.456000000000   0.000000000000   3.447282138161   2.996993896051   2.811217992336   2.497702422609   2.124405023911   1.760412461230   1.553687515453   1.247725842650   0.905993166684   0.143751494420  -0.272536909353  -0.602934104795
          1       83.000   2.816000000000   0.000000000000   2.815751774029   2.708661263100   2.627074210740   2.421635635436   2.070955363117   1.673634571666   1.450246908376   1.137251035160   0.809708566316   0.124676387942  -0.265263359908  -0.596093765319
          1       84.000   1.229000000000   0.000000000000   1.237238005930   1.576012019891   1.675762892908   1.756511386555   1.678055638016   1.448905886103   1.284344144463   1.025813909840   0.737189159068   0.112987429763  -0.258956566431  -0.589274482399
          1       85.000   0.979000000000   0.000000000000   0.981349327414   1.104113681660   1.149890409571   1.203644466630   1.194325287166   1.086699857465   0.989567353110   0.814369110386   0.597680988631   0.088641439968  -0.253529966930  -0.582577334729
          1       86.000  -0.098000000000   0.000000000000  -0.077991601661   0.316791141404   0.448814697331   0.638413401532   0.763098410212   0.756955726840   0.708142092466   0.595690982205   0.441507395215   0.057029824597  -0.248888404234  -0.576078567484
          1       87.000  -0.054000000000   0.000000000000  -0.049592911505   0.109774676799   0.173158872539   0.284191916389   0.392678685256   0.433934064949   0.423887198923   0.371542263863   0.281661829646   0.030207493885  -0.245006547550  -0.569825988226
          1       88.000  -1.505000000000   0.000000000000  -1.480311629455   0.000007524719   0.047631983072   0.122371747265   0.196551056596   0.232076332627   0.231687290315   0.206711206519   0.157217739760   0.009125971712  -0.241849093265  -0.563848607931
          1       89.000  -0.378000000000   0.000000000000  -0.377447142263  -0.115434815895   0.006618572707   0.044718414038   0.087905375512   0.111961798579   0.114063585061   0.102636206108   0.076471993748  -0.006484460088  -0.239365854856  -0.558169278103
          1       90.000  -0.430000000000   0.010000000000  -0.196185973940  -0.072145380530   0.003438027328   0.020205690195   0.039603629197   0.050359302389   0.050847141406   0.044173661319   0.029675330430  -0.015481610757  -0.237511667445  -0.552807635393
          1       91.000  -0.195000000000   0.011000000000  -0.106848716726  -0.057611893262  -0.000027156034   0.007460742094   0.015835803043   0.019749276586   0.019215814937   0.014903991134   0.006816319090  -0.016968495977  -0.236184051209  -0.547767527059
          1       92.000  -1.029000000000   0.012000000000  -0.198530676582  -0.053739656470  -0.000160954249   0.002146992852   0.004489393301   0.004800060382   0.003725862881   0.000530797535  -0.004553555272  -0.018714895336  -0.235270159643  -0.543047187307
          1       93.000  -1.766000000000   0.013000000000  -0.390312933948  -0.114322334273  -0.001312507704   0.000085827455  -0.000275106491  -0.000956324791  -0.002707037451  -0.006071134071  -0.009913501774  -0.019992723245  -0.234673220177  -0.538634839860
          1       94.000  -4.354000000000   0.014000000000  -1.109293030044  -0.453203501988  -0.170355104538   0.000000482409  -0.000633070707  -0.001479716881  -0.003495840638  -0.007264103615  -0.011118880376  -0.021606228291  -0.234329281755  -0.534506329821
          1       95.000  -5.802000000000   0.015000000000  -1.762455090790  -0.895827494759  -0.476368401536   0.000000482295  -0.000643036302  -0.001497318764  -0.003607327422  -0.007540973789  -0.011511940820  -0.023617224474  -0.234210881613  -0.530656173572
          1       96.000  -2.488000000000   0.016000000000  -1.070324651446  -0.681032100257  -0.443005092864   0.000000482148  -0.000648575514  -0.001509877776  -0.003674198161  -0.007708303752  -0.011761769748  -0.025960465873  -0.234278803549  -0.527059724454
          1       97.000  -2.407000000000   0.017000000000  -0.875810063994  -0.531564005318  -0.358387438782  -0.000042175746  -0.000653178775  -0.001520384216  -0.003706545004  -0.007778895098  -0.011862756698  -0.028561500092  -0.234501775623  -0.523702176999
          1       98.000  -5.439000000000   0.018000000000  -1.747679653785  -0.988559241505  -0.642585472329  -0.009449431055  -0.000705379238  -0.001525619724  -0.003736481733  -0.007848941009  -0.011976068423  -0.031341581794  -0.234847961732  -0.520565635454
          1       99.000  -7.492000000000   0.019000000000  -2.769352324313  -1.760151749951  -1.270249251158  -0.308494512640  -0.001491922393  -0.001535874368  -0.003773755260  -0.007941353636  -0.012128048017  -0.034223643464  -0.235289624463  -0.517630357899
          1      100.000  -6.772000000000   0.020000000000  -2.812338717763  -1.919051184039  -1.457394185652  -0.506544049620  -0.001587797833  -0.001543633330  -0.003816940837  -0.008050025136  -0.012303940229  -0.037144072205  -0.235807014909  -0.514881385297
          1      101.000  -9.483000000000   0.021000000000  -2.914209091148  -1.993646895291  -1.544217303705  -0.661668690953  -0.001604060611  -0.001549433681  -0.003859165294  -0.008152302558  -0.012458147297  -0.040056271600  -0.236384673683  -0.512303034456
          1      102.000 -10.102000000000   0.022000000000  -3.365363675867  -2.395992697667  -1.910159970440  -0.940071010214  -0.013104718896  -0.001554290129  -0.003885459082  -0.008207479354  -0.012539431450  -0.042931685392  -0.237011015800  -0.509881097623
          1      103.000 -11.825000000000   0.023000000000  -4.006056876925  -2.896843151700  -2.348863314585  -1.278598064745  -0.374695878449  -0.001558691421  -0.003912576816  -0.008266831621  -0.012633186073  -0.045757155822  -0.237676636433  -0.507602128567
          1      104.000 -10.598000000000   0.024000000000  -4.024029645936  -3.061548568452  -2.574562815906  -1.618421452428  -0.800180032433  -0.001562625120  -0.003944494501  -0.008340593086  -0.012751825364  -0.048528817800  -0.238373809295  -0.505454882499
          1      105.000  -3.911000000000   0.026000000000  -2.361560961046  -2.022176887090  -1.792864309216  -1.249304090221  -0.692463766746  -0.003805177181  -0.003986744166  -0.008432736793  -0.012898599721  -0.051247314476  -0.239095745269  -0.503429027696
          1      106.000  -5.459000000000   0.027000000000  -2.114058688427  -1.639701912220  -1.404630301717  -0.938756175963  -0.521606449418  -0.117788487710  -0.015850687699  -0.013902369050  -0.015164494069  -0.053914072007  -0.239836541935  -0.501514607644
          1      107.000  -4.817000000000   0.028000000000  -2.048654794444  -1.634723413634  -1.420815543609  -0.987266436225  -0.591858234170  -0.196146120741  -0.017989704153  -0.017950659388  -0.018036140999  -0.056529116970  -0.240591490510  -0.499703696033
          1      108.000  -4.606000000000   0.028000000000  -1.967382994539  -1.577119947535  -1.377196585403  -0.973971030333  -0.607876732635  -0.244002751455  -0.018595226449  -0.018299458346  -0.018316252796  -0.059092080366  -0.241356629111  -0.497987447539
          1      109.000  -3.748000000000   0.029000000000  -1.750097270963  -1.440508900923  -1.274508147922  -0.927654307782  -0.602207266714  -0.271725864580  -0.021134647485  -0.018352867818  -0.018352973094  -0.061601929924  -0.242128942626  -0.496358660337
          1      110.000  -4.638000000000   0.030000000000  -1.876590759873  -1.487288177136  -1.297788795802  -0.930426998501  -0.607963980932  -0.291296682641  -0.030369503531  -0.018358354257  -0.018357830826  -0.064058305918  -0.242905997253  -0.494810801645
          1      111.000  -7.505000000000   0.031000000000  -2.284613445777  -1.762322174521  -1.519973435789  -1.071384907065  -0.696727239208  -0.339965435057  -0.052841805289  -0.018358810651  -0.018358641020  -0.066461837281  -0.243685767159  -0.493337949946
          1      112.000  -3.630000000000   0.032000000000  -1.834466295989  -1.582303300624  -1.428940032659  -1.084768807708  -0.745138464698  -0.394265110959  -0.095344687383  -0.018359571927  -0.018358776687  -0.068814012128  -0.244466527893  -0.491934734529
          1      113.000  -4.776000000000   0.033000000000  -1.751436764324  -1.432122703867  -1.273537723484  -0.957963136526  -0.671507525658  -0.383507338690  -0.132004416486  -0.018362993255  -0.018358809858  -0.071116795051  -0.245246809311  -0.490596275692
          1      114.000  -2.860000000000   0.034000000000  -1.436867506015  -1.247842794608  -1.135572864240  -0.885240869546  -0.638359701189  -0.381766962760  -0.152303682704  -0.018376248903  -0.018358853118  -0.073372215871  -0.246025380143  -0.489318130049
          1      115.000  -6.297000000000   0.035000000000  -1.890287147849  -1.462921290247  -1.271684394352  -0.928119101614  -0.648280538458  -0.383146862762  -0.168135982850  -0.018420850590  -0.018358946125  -0.075582091001  -0.246801236232  -0.488096243574
          1      116.000  -7.748000000000   0.036000000000  -2.500935689899  -1.964390130741  -1.711399277510  -1.239869506228  -0.846402115796  -0.475431420318  -0.198168760598  -0.018549950478  -0.018359116514  -0.077747931400  -0.247573576847  -0.486926912449
          1      117.000 -10.589000000000   0.037000000000  -3.366567669983  -2.637094297409  -2.295136345531  -1.659443913724  -1.129408705243  -0.632605933365  -0.267004154824  -0.018893031229  -0.018359401382  -0.079871000479  -0.248341768003  -0.485806749926
          1      118.000 -12.180000000000   0.037000000000  -4.146261835275  -3.314067314728  -2.912587927254  -2.146429977092  -1.488545766106  -0.863336305659  -0.398975351865  -0.019940078238  -0.018359851145  -0.081952441049  -0.249105300972  -0.484732656900
          1      119.000 -15.586000000000   0.038000000000  -5.244837920715  -4.190253740067  -3.687112153818  -2.734708527390  -1.922328494538  -1.156262619779  -0.592160226692  -0.025501464791  -0.018360539250  -0.083993393187  -0.249863756014  -0.483701794542
          1      120.000 -13.391000000000   0.039000000000  -5.338187257040  -4.452187457676  -3.998733416488  -3.089399059027  -2.263840745488  -1.452148439989  -0.838138677371  -0.078231314984  -0.018361610351  -0.085995056896  -0.250616777593  -0.482711558376
          1      121.000  -8.811000000000   0.040000000000  -4.351224819511  -3.802194027603  -3.493290716868  -2.827234867785  -2.176083977080  -1.500091172013  -0.964480718316  -0.246178322610  -0.018363985020  -0.087958691972  -0.251364061691  -0.481759554033
          1      122.000  -9.236000000000   0.040000000000  -3.989770333698  -3.418502839296  -3.125152282024  -2.528706492903  -1.972846482754  -1.407969921088  -0.960578200473  -0.346901164252  -0.018384098889  -0.089885575332  -0.252105351540  -0.480843575282
          1      123.000  -8.923000000000   0.041000000000  -3.335752867432  -2.916569165617  -2.693466370196  -2.226218677095  -1.777908131084  -1.312895175552  -0.936256733829  -0.401963973896  -0.018648000373  -0.091776946439  -0.252840436542  -0.479961584766
          1      124.000  -7.140000000000   0.042000000000  -2.902553853423  -2.567182967220  -2.383558530412  -1.992489074600  -1.613260063848  -1.218123899772  -0.895718205576  -0.435040723558  -0.020957767541  -0.093633966365  -0.253569150226  -0.479111697491
          1      125.000  -6.745000000000   0.042000000000  -2.613251104490  -2.302650512002  -2.137835100935  -1.793712315813  -1.465418472610  -1.125746914766  -0.847462760446  -0.445960020707  -0.032822971530  -0.095457702823  -0.254291365431  -0.478292166704
          1      126.000 -12.382000000000   0.043000000000  -3.267935664202  -2.687531505113  -2.420832290795  -1.929655285209  -1.519314273396  -1.131006676535  -0.837771837370  -0.455631694020  -0.065227423840  -0.097249140155  -0.255006987191  -0.477501371614
          1      127.000 -10.452000000000   0.043000000000  -3.481819988581  -2.970173615697  -2.710031367187  -2.192164178796  -1.727288870028  -1.272111764728  -0.927740673458  -0.497535727545  -0.108687347269  -0.099009207562  -0.255715945055  -0.476737806396
          1      128.000  -6.836000000000   0.044000000000  -2.980479412276  -2.655192767543  -2.472097939289  -2.077539936055  -1.693882477119  -1.296725740849  -0.980504653564  -0.554496301575  -0.148433796992  -0.100738833714  -0.256418186837  -0.476000070138
          1      129.000  -8.370000000000   0.044000000000  -2.889256016115  -2.508044581600  -2.317382821142  -1.937155012061  -1.589655406994  -1.239619665351  -0.961834292952  -0.578102815320  -0.188586537802  -0.102439115511  -0.257113675778  -0.475286857563
          1      130.000 -10.590000000000   0.044000000000  -3.244216614419  -2.748917383157  -2.510467570550  -2.053464669224  -1.655697630134  -1.270468208836  -0.977535977297  -0.596938673393  -0.224819368838  -0.104112024704  -0.257802396135  -0.474596950618
          1      131.000 -10.989000000000   0.044000000000  -3.531112210415  -3.009338804360  -2.751773575364  -2.249391734013  -1.805934946841  -1.375216354215  -1.051024535255  -0.641470670589  -0.259502502023  -0.105763515649  -0.258484389738  -0.473929211317
          1      132.000 -12.187000000000   0.045000000000  -3.845306333092  -3.269533230738  -2.987486975035  -2.440278879687  -1.959315352588  -1.493854668487  -1.145668970046  -0.707672560381  -0.305545957727  -0.107416421626  -0.259159927007  -0.473282577534
          1      133.000 -15.257000000000   0.045000000000  -4.493583702485  -3.772198339503  -3.426880679236  -2.770466516587  -2.206637938219  -1.671765668792  -1.280192650338  -0.798318096773  -0.365842476354  -0.109160411622  -0.259830249690  -0.472656069183
          1      134.000 -15.718000000000   0.045000000000  -4.981368694245  -4.233895535473  -3.866040814918  -3.151402266012  -2.523929441403  -1.921991269091  -1.481187222546  -0.937016534421  -0.453827387229  -0.111345496739  -0.260500611007  -0.472048836598
          1      135.000  -8.684000000000   0.045000000000  -4.213871146376  -3.809035003114  -3.574472041928  -3.061651261739  -2.556110028101  -2.030377538748  -1.622694979618  -1.082768955799  -0.573740239808  -0.115381433148  -0.261192516054  -0.471460379958
          1      136.000 -12.778000000000   0.045000000000  -4.282477831151  -3.716654605307  -3.442546175840  -2.910598941967  -2.436767440628  -1.969403638366  -1.613694505398  -1.139868510326  -0.675437267676  -0.127141474369  -0.261995787953  -0.470891460392
          1      137.000 -11.760000000000   0.045000000000  -4.381875105719  -3.847429156093  -3.575914471857  -3.033473470536  -2.541097240580  -2.054758408241  -1.689461220221  -1.216615629345  -0.768604079841  -0.163016112325  -0.263304725665  -0.470347965251
          1      138.000  -9.467000000000   0.044000000000  -4.060568044930  -3.644270859808  -3.422746997408  -2.963447449113  -2.529949758559  -2.089209439353  -1.751212626489  -1.303768532629  -0.873845700864  -0.234834319840  -0.266657050682  -0.469857814439
          1      139.000 -11.793000000000   0.044000000000  -4.217764443274  -3.703050786576  -3.451609796637  -2.962363465846  -2.527670441326  -2.102138601611  -1.783059209926  -1.367251239540  -0.968386608776  -0.333218286419  -0.276277282164  -0.469533971983
          1      140.000  -8.326000000000   0.044000000000  -3.908898856862  -3.551737153212  -3.356907026126  -2.947097936869  -2.556411832841  -2.157793283755  -1.852869093756  -1.451387456229  -1.067528228100  -0.442721942739  -0.299418877169  -0.469737882683
          1      141.000 -10.992000000000   0.044000000000  -4.054857018518  -3.588834082962  -3.362924255770  -2.925703585950  -2.538972265674  -2.161153685607  -1.878422953121  -1.510032970249  -1.155949323337  -0.555810954594  -0.342235969019  -0.471344929559
          1      142.000 -12.107000000000   0.044000000000  -4.425517286021  -3.897849786682  -3.640457333318  -3.143306528303  -2.708459102979  -2.291563909495  -1.987585585412  -1.606065805386  -1.253220878486  -0.666532243130  -0.404452034884  -0.475946471174
          1      143.000 -13.508000000000   0.043000000000  -4.855944689918  -4.264764244083  -3.977624304536  -3.425484684137  -2.945547974025  -2.489370603239  -2.160804825983  -1.754260799398  -1.385225856973  -0.782544458364  -0.480862022691  -0.485712135560
          1      144.000 -15.798000000000   0.043000000000  -5.484607329286  -4.789509565459  -4.455492193688  -3.819526976067  -3.273424266613  -2.761296563617  -2.397906692988  -1.954044524222  -1.556670481553  -0.914451332349  -0.569723642404  -0.502901810018
          1      145.000 -13.549000000000   0.043000000000  -5.574812629743  -4.990774503117  -4.693221674255  -4.099936100262  -3.564867911571  -3.045168264585  -2.668998221333  -2.199141619460  -1.771947625181  -1.072253110826  -0.674626417138  -0.529712948318
          1      146.000 -13.475000000000   0.042000000000  -5.596445596094  -5.037568517309  -4.756914554929  -4.201145374501  -3.700443980358  -3.211476617157  -2.854509877143  -2.399973648734  -1.975781180273  -1.249455075339  -0.800170697899  -0.568868196258
          1      147.000  -7.814000000000   0.042000000000  -4.854868277694  -4.572485968726  -4.404288775399  -4.029955572803  -3.653053053045  -3.254729587279  -2.948487040164  -2.538738180883  -2.139923472561  -1.422098979696  -0.940529412898  -0.623794162561
          1      148.000  -8.751000000000   0.042000000000  -4.520722413434  -4.218586354169  -4.062591860777  -3.742703388272  -3.438864337604  -3.124175045524  -2.880672771054  -2.546614612372  -2.208561142027  -1.558958375567  -1.079813333701  -0.696051179465
          1      149.000  -6.644000000000   0.041000000000  -4.149741439678  -3.940145643102  -3.821614200596  -3.564355836930  -3.308825412756  -3.037894566386  -2.825854142970  -2.532980096738  -2.234782618822  -1.651331748546  -1.199181950026  -0.781406818043
          1      150.000  -8.957000000000   0.041000000000  -4.244431150639  -3.931397086832  -3.780073977165  -3.486669204910  -3.224624782287  -2.965176374511  -2.769615627553  -2.506353617135  -2.240737760019  -1.716354451223  -1.296895405271  -0.870979508687
          1      151.000 -14.609000000000   0.041000000000  -5.216044040453  -4.624808621859  -4.356087691795  -3.868461458276  -3.471641794750  -3.114273635535  -2.867033221429  -2.565153488167  -2.285980060861  -1.774901167386  -1.378758067323  -0.957783338338
          1      152.000 -17.804000000000   0.040000000000  -6.343288547479  -5.588248350957  -5.233781320281  -4.575015173325  -4.028234759308  -3.535430898905  -3.200136910666  -2.803551771636  -2.456159282360  -1.875795425668  -1.465706361961  -1.040448156393
          1      153.000 -24.090000000000   0.040000000000  -9.555485951350  -8.123517338407  -7.464989067819  -6.267429717593  -5.305740869947  -4.478046555064  -3.941215149884  -3.335160499547  -2.834773723618  -2.072508223949  -1.590538430787  -1.126345529512
          1      154.000 -23.790000000000   0.040000000000 -10.935384870692  -9.594181927299  -8.940760701817  -7.689666474525  -6.616762961238  -5.637974445533  -4.977684590102  -4.194228495968  -3.518605671068  -2.462904090631  -1.813486007528  -1.234595655287
          1      155.000 -17.815000000000   0.040000000000 -10.329717161978  -9.466969011117  -9.008513879808  -8.066697477237  -7.188164661514  -6.321723740089  -5.702885592344  -4.921444225224  -4.202028256299  -2.979927651800  -2.161669908933  -1.399304205394
          1      156.000 -10.450000000000   0.040000000000  -8.446788941321  -8.124754285041  -7.913144678456  -7.413683771708  -6.878085420546  -6.285468689765  -5.826300045192  -5.200048352994  -4.577753419544  -3.412304011145  -2.540243196741  -1.631545816755
          1      157.000  -8.104000000000   0.039000000000  -7.067237035224  -6.901313252745  -6.788223552752  -6.509899684014  -6.193375168765  -5.820041785235  -5.513305723477  -5.067968543865  -4.595288430393  -3.627390537947  -2.824347553741  -1.885169634216
          1      158.000  -9.105000000000   0.039000000000  -6.703085351201  -6.442767094719  -6.306565863500  -6.021668839253  -5.739710741535  -5.433333232083  -5.189684513599  -4.839845992068  -4.466047897381  -3.675556412570  -2.981566642225  -2.100691383283
          1      159.000 -12.195000000000   0.039000000000  -7.252776563735  -6.761387867021  -6.529884558752  -6.092546145634  -5.713687418083  -5.350669736260  -5.087274459946  -4.738351426677  -4.388124519839  -3.680615743813  -3.066120002072  -2.261642972142
          1      160.000 -21.449000000000   0.040000000000  -9.642689065956  -8.517452949311  -8.014197030736  -7.117110894221  -6.407822594379  -5.799960387126  -5.402208868394  -4.930454181337  -4.507057395682  -3.750402856091  -3.150181201617  -2.388936019082
          1      161.000 -24.464000000000   0.040000000000 -11.654177545639 -10.359255788675  -9.746261641054  -8.600433790058  -7.644553892402  -6.794599049415  -6.231992659933  -5.565722213532  -4.982817113976  -4.013704975499  -3.323034600067  -2.523922071948
          1      162.000 -18.745000000000   0.040000000000 -11.374782130455 -10.533566363311 -10.090878297160  -9.189460061408  -8.357401096357  -7.546458068841  -6.974604337885  -6.256442473465  -5.595336839585  -4.450412587259  -3.629456551363  -2.715755254081
          1      163.000  -8.200000000000   0.040000000000  -8.853502840070  -8.772607481410  -8.663445931982  -8.338159573241  -7.930660214156  -7.438417600925  -7.041603348074  -6.484554707660  -5.918190366760  -4.826520556000  -3.968901052506  -2.965149111737
          1      164.000 -12.407000000000   0.040000000000  -8.559915814885  -8.178973754944  -7.994694617642  -7.630851814246  -7.288735365750  -6.928350752497  -6.647583381364  -6.249324426752  -5.827907189124  -4.947417091636  -4.182988530837  -3.202639285901
          1      165.000 -16.478000000000   0.040000000000  -9.554077248617  -8.869507952668  -8.549408208970  -7.951260092363  -7.442893822480  -6.969754655335  -6.637568082980  -6.209913346928  -5.793112489724  -4.978330944843  -4.286418250980  -3.375259814816
          1      166.000 -13.675000000000   0.041000000000  -8.895502357573  -8.519760792274  -8.316521600640  -7.890100067104  -7.478109559629  -7.052978594066  -6.736110684479  -6.312416675576  -5.892062351677  -5.074795574568  -4.395935983610  -3.515365709153
          1      167.000 -14.015000000000   0.041000000000  -8.686094166974  -8.305509198794  -8.110555656917  -7.715548191928  -7.344524879572  -6.966138507755  -6.683600807276  -6.302123687193  -5.917766683905  -5.152677426311  -4.502710763342  -3.647656556885
          1      168.000 -11.805000000000   0.042000000000  -8.295642245903  -8.015545544194  -7.862104102762  -7.536351659196  -7.216338670629  -6.879411058947  -6.623260145055  -6.273031315660  -5.916763029226  -5.200338019743  -4.584688419734  -3.763788213948
          1      169.000 -15.369000000000   0.042000000000  -8.583116415118  -8.140061685033  -7.928223360173  -7.522430807909  -7.164388284607  -6.816838550231  -6.564422404089  -6.229474032729  -5.894519809271  -5.224390680252  -4.644784788250  -3.861977469250
          1      170.000 -15.137000000000   0.042000000000  -8.814008776363  -8.368462381581  -8.145903875496  -7.707421526619  -7.312674562712  -6.928666768414  -6.652901416554  -6.294321289370  -5.945037843715  -5.270228465217  -4.703397416506  -3.947096773419
          1      171.000 -21.705000000000   0.043000000000  -9.914096594865  -9.165774239282  -8.820047444788  -8.182600809814  -7.652701815849  -7.173929422549  -6.847828852918  -6.442406231899  -6.062670694821  -5.357536729818  -4.784036021464  -4.034283962336
          1      172.000 -21.997000000000   0.044000000000 -10.739362505738  -9.967092177899  -9.591305465832  -8.870422404245  -8.246575351602  -7.668834637063  -7.273266914745  -6.784410817501  -6.334972836343  -5.533140558067  -4.913735396647  -4.138378713217
          1      173.000 -29.205000000000   0.044000000000 -12.291625978885 -11.201451245831 -10.692674723997  -9.749015994340  -8.962899941694  -8.259369513941  -7.788934665540  -7.217380154364  -6.699721664638  -5.792972889036  -5.109163470356  -4.278399812054
          1      174.000 -35.295000000000   0.045000000000 -14.329093898872 -12.956186593393 -12.309402370833 -11.102793023244 -10.094112868871  -9.195391209934  -8.600639242506  -7.886557878627  -7.250831082271  -6.169271982610  -5.383692418653  -4.464360204097
          1      175.000 -35.391000000000   0.046000000000 -15.632760507055 -14.277526126419 -13.616889254236 -12.348550852597 -11.250205470012 -10.240515579236  -9.559366247343  -8.727405983312  -7.977346419199  -6.694763061694  -5.772042307284  -4.719188774681
          1      176.000 -38.902000000000   0.047000000000 -16.988394379635 -15.514019657236 -14.801872437331 -13.441843957807 -12.266577698147 -11.184274079154 -10.451410308910  -9.548371276160  -8.724749226815  -7.292935681086  -6.247107284055  -5.049467411163
          1      177.000 -38.770000000000   0.048000000000 -17.971593729375 -16.534677340289 -15.827464525523 -14.455940280675 -13.248223290649 -12.117175253369 -11.343203937945 -10.379305600668  -9.491118932276  -7.928132591763  -6.772476845378  -5.437452682452
          1      178.000 -29.075000000000   0.049000000000 -17.145198218131 -16.205245932991 -15.701424744203 -14.657624645217 -13.665942274270 -12.671308322175 -11.958621586216 -11.035984007466 -10.155401587038  -8.546495833534  -7.317543669395  -5.866462647908
          1      179.000 -28.805000000000   0.050000000000 -16.619784598720 -15.748981042911 -15.303364012365 -14.404122461138 -13.563513966833 -12.719306825858 -12.106870610161 -11.298010797422 -10.504972529261  -8.994145434124  -7.782770487405  -6.289744148720
          1      180.000 -23.775000000000   0.051000000000 -15.785679777373 -15.157349943224 -14.816744112710 -14.100444292929 -13.401574057640 -12.675071904875 -12.136533307883 -11.412882558833 -10.691587249327  -9.286625829218  -8.128360178831  -6.654311615068
          1      181.000 -21.853000000000   0.052000000000 -15.003106884183 -14.482705129552 -14.203589964647 -13.617827009681 -13.043065659428 -12.437224617952 -11.981020264573 -11.357186372591 -10.722843540084  -9.452038534899  -8.370635475458  -6.950660032220
          1      182.000 -20.045000000000   0.053000000000 -14.350838968575 -13.914355918424 -13.678710666335 -13.181397264720 -12.689843894672 -12.167261028201 -11.770533287495 -11.223292471421 -10.660975353769  -9.515333520024  -8.518566974454  -7.175658291868
          1      183.000 -24.702000000000   0.054000000000 -14.712665099752 -14.054634549779 -13.736281953944 -13.120275489399 -12.568002434661 -12.026596399452 -11.634836534541 -11.111750238956 -10.585844306266  -9.526690725496  -8.602701566206  -7.339653017689
          1      184.000 -17.629000000000   0.055000000000 -13.933065452706 -13.588371686242 -13.385805467618 -12.937980617252 -12.481037334855 -11.990442223509 -11.619444803149 -11.112964548386 -10.599450955101  -9.569534194223  -8.680126195350  -7.470156211036
          1      185.000 -17.274000000000   0.056000000000 -13.245426489753 -12.939399378835 -12.772952194715 -12.417552546623 -12.059203735983 -11.668896060980 -11.366360187462 -10.940979725736 -10.495499406715  -9.566007416680  -8.735791226263  -7.582776406113
          1      186.000 -19.367000000000   0.057000000000 -13.262159513811 -12.846395978288 -12.639220202044 -12.227205339373 -11.844179570598 -11.454240761606 -11.163709654385 -10.765793058985 -10.355797883955  -9.505031801546  -8.739246045570  -7.658383000605
          1      187.000 -20.435000000000   0.058000000000 -13.467504888318 -12.987258455407 -12.748613303137 -12.278160791820 -11.849533025934 -11.425621086754 -11.118124782835 -10.708119541761 -10.296718390286  -9.467194350917  -8.735520615921  -7.708957557279
          1      188.000 -21.959000000000   0.060000000000 -13.801467165311 -13.245772150058 -12.972804304718 -12.440820321102 -11.964259574291 -11.502236727271 -11.172867366201 -10.741306954278 -10.316230850182  -9.479151361177  -8.757199714847  -7.759247938338
          1      189.000 -18.577000000000   0.061000000000 -13.166950271555 -12.834426515550 -12.652050769837 -12.264703409970 -11.882510296661 -11.480226069394 -11.178426486333 -10.768326457923 -10.353719452304  -9.523669702249  -8.806136267797  -7.821444174126
          1      190.000 -19.078000000000   0.062000000000 -12.865749725110 -12.532826910900 -12.360144945755 -12.005844648506 -11.665480742602 -11.310619051353 -11.043361179605 -10.676189886973 -10.298934905678  -9.524869968277  -8.839185375860  -7.883267723132
          1      191.000 -26.678000000000   0.062000000000 -13.598900004525 -12.996841741206 -12.715804671168 -12.190030667356 -11.739801868244 -11.318192472848 -11.022641978787 -10.638163320683 -10.259362076022  -9.506532367384  -8.848333222211  -7.928495733001
          1      192.000 -32.267000000000   0.063000000000 -14.851779755859 -14.017951330942 -13.625002744404 -12.889477360749 -12.267597459277 -11.702974350311 -11.321699201182 -10.846979692072 -10.402363354479  -9.575124344535  -8.894214930837  -7.976957396802
          1      193.000 -36.295000000000   0.064000000000 -16.118679791480 -15.128707323265 -14.656173712349 -13.763189620648 -13.001248986263 -12.307402059680 -11.840838599440 -11.265304353922 -10.735209667256  -9.781470011523  -9.032189781145  -8.068088173929
          1      194.000 -36.547000000000   0.065000000000 -16.988896626258 -15.988064947807 -15.498630391075 -14.554800529028 -13.729352037081 -12.960978126613 -12.437442750651 -11.785427878013 -11.181872917198 -10.100091302554  -9.265030012148  -8.221781658543
          1      195.000 -38.664000000000   0.065000000000 -17.788028882811 -16.734023228228 -16.220158050277 -15.229907196264 -14.361884930138 -13.549799864803 -12.993531582821 -12.295852206631 -11.645102382773 -10.469476233358  -9.559591752460  -8.432196417331
          1      196.000 -37.630000000000   0.066000000000 -18.302069432025 -17.292576054852 -16.791239052168 -15.810528931736 -14.935162525144 -14.102581096131 -13.526103598834 -12.796235560551 -12.109728556532 -10.859167763289  -9.886090383635  -8.681250783368
          1      197.000 -35.735000000000   0.066000000000 -18.451159726565 -17.531529891676 -17.068551686051 -16.151502898989 -15.318688160733 -14.511708955686 -13.944840890536 -13.217060381148 -12.522828810740 -11.236983258150 -10.221502203562  -8.953676587457
          1      198.000 -35.489000000000   0.066000000000 -18.582347083488 -17.696213504640 -17.251988749856 -16.373526611262 -15.574893215862 -14.797534729924 -14.248326824227 -13.537786634589 -12.853472832479 -11.567629541274 -10.535396933278  -9.228909119388
          1      199.000 -42.228000000000   0.067000000000 -19.533796244794 -18.428589347364 -17.897186447912 -16.881728715764 -15.995102845246 -15.163094498314 -14.588968238449 -13.858274831348 -13.162802228428 -11.864932519898 -10.822073912067  -9.492705023707
          1      200.000 -44.585000000000   0.067000000000 -20.630502940149 -19.423230023973 -18.835200884402 -17.702933929910 -16.710056036932 -15.781172533631 -15.145294275904 -14.344411648783 -13.592225971129 -12.214673783541 -11.127868573202  -9.757621909597
          1      201.000 -41.170000000000   0.067000000000 -20.970546742751 -19.889786042538 -19.345862357317 -18.270390576947 -17.297112443350 -16.360399856374 -15.707707471776 -14.874740318230 -14.084864805716 -12.630461841186 -11.484875161630 -10.050735533464
          1      202.000 -40.697000000000   0.067000000000 -21.113117864917 -20.086447145136 -19.571746974743 -18.554200983006 -17.629139161704 -16.730355402292 -16.097728813758 -15.280904739660 -14.496104369442 -13.026399561559 -11.850564565332 -10.365391577159
          1      203.000 -34.570000000000   0.067000000000 -20.646640349650 -19.847584272895 -19.428181703895 -18.569202726111 -17.756224783647 -16.937525490209 -16.347523735668 -15.571147004366 -14.812304647531 -13.363927773753 -12.184494545671 -10.674407116067
          1      204.000 -26.853000000000   0.067000000000 -19.440989023855 -18.948718938588 -18.669779538575 -18.064158888910 -17.451067463774 -16.794145760903 -16.299813502994 -15.625383275349 -14.943554253880 -13.591494537604 -12.451595853122 -10.954269025268
          1      205.000 -29.757000000000   0.068000000000 -18.994240268217 -18.440789751982 -18.158524329412 -17.585897745019 -17.039457888878 -16.472598498474 -16.049173095722 -15.468792258466 -14.874207305480 -13.662989156153 -12.606099910900 -11.171414922712
          1      206.000 -22.361000000000   0.068000000000 -18.091612600078 -17.770739086443 -17.580496945477 -17.155007450279 -16.710889380895 -16.221694351663 -15.845600133518 -15.321727210479 -14.779416145705 -13.663976082876 -12.678966265605 -11.319106907399
          1      207.000  -2.526000000000   0.068000000000 -15.094376994081 -15.489505978010 -15.607994014559 -15.711019154123 -15.657208466159 -15.464853535089 -15.257350963947 -14.908920747343 -14.499382870900 -13.564615145584 -12.680577842008 -11.411832976204
          1      208.000 -13.738000000000   0.069000000000 -14.121144600294 -14.212056731632 -14.258137511805 -14.333399246224 -14.360851651958 -14.322679317300 -14.248351914850 -14.084039217287 -13.849962751471 -13.207782893637 -12.508383707560 -11.406613714547
          1      209.000 -10.035000000000   0.069000000000 -13.574576322958 -13.701067019995 -13.743589483605 -13.789826547380 -13.783466867417 -13.722918379373 -13.646028129441 -13.499770797561 -13.306266291459 -12.791304109751 -12.222607621781 -11.288412849272
          1      210.000 -19.152000000000   0.070000000000 -13.926280206995 -13.738638024516 -13.661240152776 -13.527432442609 -13.415147817388 -13.299402267257 -13.205121830997 -13.057936710985 -12.881451483603 -12.433765137375 -11.943629303397 -11.127841018185
          1      211.000 -30.232000000000   0.071000000000 -15.557903107867 -14.925749179295 -14.647170154237 -14.156143552966 -13.771012575048 -13.444586521055 -13.232382446234 -12.970096718866 -12.718556203314 -12.208780283306 -11.726600320555 -10.970645656086
          1      212.000 -37.822000000000   0.072000000000 -17.495246032207 -16.546239663286 -16.108910927686 -15.309622351285 -14.658572385899 -14.096266710364 -13.734209912919 -13.302427441598 -12.915091325641 -12.223827164865 -11.661955359650 -10.877927606315
          1      213.000 -31.569000000000   0.073000000000 -17.997384449514 -17.242240105167 -16.860178327049 -16.106212376694 -15.432466051660 -14.798173083212 -14.366081308177 -13.829397127083 -13.335452535872 -12.456048780778 -11.774125809282 -10.894389702746
          1      214.000 -34.773000000000   0.075000000000 -18.456056923588 -17.643628944339 -17.248617759790 -16.487482052499 -15.817741266680 -15.186852841752 -14.752094860862 -14.201657935099 -13.682404760618 -12.727891248334 -11.971241105680 -11.001973628089
          1      215.000 -27.483000000000   0.077000000000 -18.142572998409 -17.577259881913 -17.276095095530 -16.654952079941 -16.066533093255 -15.477043140829 -15.055205891459 -14.506001136762 -13.975914356665 -12.980242956265 -12.178794993843 -11.147961228277
          1      216.000 -30.676000000000   0.079000000000 -18.161565223315 -17.534494251151 -17.224724708505 -16.616553834654 -16.064146082460 -15.522145233533 -15.134844138147 -14.625967182418 -14.126424136669 -13.160436271498 -12.357426157119 -11.300843214219
          1      217.000 -34.878000000000   0.081000000000 -18.518116226440 -17.856733521416 -17.526523316894 -16.875251801501 -16.284821597629 -15.711544665927 -15.307105236364 -14.782761467095 -14.274716294744 -13.303849336011 -12.499934761727 -11.436535500237
          1      218.000 -29.201000000000   0.083000000000 -18.271951639950 -17.749566484011 -17.474624633786 -16.910711717376 -16.376734627619 -15.838265706565 -15.449125544195 -14.935513544470 -14.430862700796 -13.455750883886 -12.643837702503 -11.568277838689
          1      219.000 -29.165000000000   0.086000000000 -17.968567950113 -17.489147087010 -17.242672882680 -16.742726016469 -16.270576837644 -15.790385502668 -15.438789779433 -14.967281655641 -14.495387436301 -13.561093028938 -12.764834137636 -11.693041445473
          1      220.000 -32.716000000000   0.088000000000 -18.176901681224 -17.606006681358 -17.325058315386 -16.775323759845 -16.277690006040 -15.790045182967 -15.440979032179 -14.979853787799 -14.522762349374 -13.620586678388 -12.847482137336 -11.795269844498
          1      221.000 -34.429000000000   0.091000000000 -18.581288436843 -17.943294152710 -17.629113002595 -17.016432113485 -16.467392636871 -15.938194178097 -15.565513277018 -15.081285202135 -14.609475281277 -13.696483276585 -12.926009032066 -11.883679366688
          1      222.000 -32.728000000000   0.094000000000 -18.719102959404 -18.117907254069 -17.814300385634 -17.210795017494 -16.658747845928 -16.118225535761 -15.734688651467 -15.234762630155 -14.747824263830 -13.810808067465 -13.027689390768 -11.978327310047
          1      223.000 -26.780000000000   0.097000000000 -18.260514232970 -17.830462292701 -17.598548438847 -17.113635317088 -16.643692946352 -16.159257628834 -15.803712695071 -15.328029254214 -14.854512309743 -13.925186858666 -13.139129478358 -12.082675750868
          1      224.000 -38.515000000000   0.101000000000 -18.583067992782 -17.999457501736 -17.710195448931 -17.144870609124 -16.637009318707 -16.144750446277 -15.795243099908 -15.336019777819 -14.882397349841 -13.988585464904 -13.222614107769 -12.178935043845
          1      225.000 -38.543000000000   0.104000000000 -18.647548773225 -18.093359508379 -17.814509808411 -17.260626208943 -16.752732173889 -16.252430509237 -15.894991199976 -15.425307518076 -14.963466406051 -14.062710551512 -13.298896893915 -12.263121903892
          1      226.000 -39.035000000000   0.108000000000 -18.739684340048 -18.181783498944 -17.901861144981 -17.346905124501 -16.838808585402 -16.338625680910 -15.981253036958 -15.511438392045 -15.049221362301 -14.147521134378 -13.383476295627 -12.349037878365
          1      227.000 -36.104000000000   0.111000000000 -18.720080019180 -18.200090898968 -17.934665794031 -17.401728375444 -16.907164569253 -16.415047965711 -16.061299960275 -15.594373017451 -15.133700846807 -14.233284925079 -13.469791382043 -12.436281857850
          1      228.000 -34.723000000000   0.115000000000 -18.562783862180 -18.088270935406 -17.844774470089 -17.352733625811 -16.891344674109 -16.426477343291 -16.088879721059 -15.639052967069 -15.191174413308 -14.306798512323 -13.550613491975 -12.522020085466
          1      229.000 -29.808000000000   0.119000000000 -18.248925366478 -17.856293096307 -17.648395036656 -17.218244287073 -16.804119573779 -16.377103293443 -16.062188028795 -15.637361201315 -15.209586412023 -14.354187042272 -13.614315267257 -12.599210707219
          1      230.000 -30.495000000000   0.123000000000 -17.924131122637 -17.565420874672 -17.378772621341 -16.995529667677 -16.626902302789 -16.244014939096 -15.958757203416 -15.569381354390 -15.172040804118 -14.363293867842 -13.651319607500 -12.660872753412
          1      231.000 -27.770000000000   0.127000000000 -17.670642940603 -17.345631474005 -17.173998487025 -16.818557070754 -16.474436949085 -16.115744432147 -15.848025415259 -15.481958661023 -15.107419689604 -14.340668565539 -13.659497325419 -12.701496968237
          1      232.000 -23.914000000000   0.130000000000 -17.240536499295 -16.990418616400 -16.852785801490 -16.558629075560 -16.263548616187 -15.946283308580 -15.704632873256 -15.368987290243 -15.020896662982 -14.298113956585 -13.647950343709 -12.724059345373
          1      233.000 -28.978000000000   0.134000000000 -17.044144141653 -16.757557683745 -16.612423047775 -16.318786115089 -16.038329849819 -15.745364807818 -15.524296055873 -15.217430617422 -14.897645977236 -14.225770721042 -13.612262235517 -12.728165565627
          1      234.000 -25.394000000000   0.138000000000 -16.966703603396 -16.686064022390 -16.538697188755 -16.235443961447 -15.944520946128 -15.643712176637 -15.419990293950 -15.114300541475 -14.800643373879 -14.151636243300 -13.563801259551 -12.715695638967
          1      235.000 -24.283000000000   0.142000000000 -16.681839421281 -16.442739847678 -16.315389966479 -16.049204447252 -15.787995934497 -15.511474430271 -15.302357612472 -15.012946129921 -14.713011768160 -14.087644315128 -13.519302201211 -12.698449155646
          1      236.000 -22.271000000000   0.146000000000 -16.377716097983 -16.175636731239 -16.065733982818 -15.832311891877 -15.599005994564 -15.347812613346 -15.155545538463 -14.886720463294 -14.605421435581 -14.012360017208 -13.468006039219 -12.676077331205
          1      237.000 -20.464000000000   0.149000000000 -16.023506615944 -15.861979887118 -15.771783222713 -15.576040442585 -15.375243974144 -15.153706886188 -14.981169627804 -14.736403564470 -14.476831601979 -13.921263657428 -13.404397278157 -12.644647409394
          1      238.000 -10.462000000000   0.153000000000 -15.431379315873 -15.376729606191 -15.332673013978 -15.216708752970 -15.076585715023 -14.903917515099 -14.761124475269 -14.550059264544 -14.318997030987 -13.809566862454 -13.324851974605 -12.601486014488
          1      239.000 -10.661000000000   0.157000000000 -14.691075405774 -14.723155692515 -14.724169695501 -14.697457939775 -14.635681796689 -14.533836543832 -14.436942326232 -14.279503098660 -14.094050717216 -13.655859344431 -13.217002732421 -12.540891014536
          1      240.000 -13.396000000000   0.160000000000 -14.237163104322 -14.262655857133 -14.266845929524 -14.256768198729 -14.220960335480 -14.153490822709 -14.084644774011 -13.966467697286 -13.820301906888 -13.454951366340 -13.070053526810 -12.453385058426
          1      241.000 -24.097000000000   0.164000000000 -14.204594246002 -14.131427350416 -14.097230383074 -14.029176326118 -13.960340936213 -13.878714747896 -13.808703554211 -13.698338466319 -13.567551073740 -13.245393754667 -12.902868590735 -12.342391934739
          1      242.000 -28.241000000000   0.167000000000 -14.573601243140 -14.372449797898 -14.278548374900 -14.102621914177 -13.950580985176 -13.805162387375 -13.700325398170 -13.557671530342 -13.408229234917 -13.078845265426 -12.750899626056 -12.225945264181
          1      243.000 -36.334000000000   0.170000000000 -15.059167586553 -14.745906765428 -14.599617968528 -14.326862478330 -14.095459276378 -13.882438253446 -13.735806796437 -13.547167862323 -13.362196671508 -12.989251740067 -12.647322875838 -12.128341361664
          1      244.000 -36.201000000000   0.173000000000 -15.608476772359 -15.215630851487 -15.027183788017 -14.669551459251 -14.362141559923 -14.079216861055 -13.886832446406 -13.644754966578 -13.415107124409 -12.977527073356 -12.602426241787 -12.064990039552
          1      245.000 -24.963000000000   0.176000000000 -15.716209172118 -15.387962815610 -15.219015707012 -14.880282903137 -14.570300666032 -14.269050092582 -14.057293745621 -13.784988080642 -13.523568083433 -13.027439364322 -12.612815293580 -12.041504199494
          1      246.000 -28.853000000000   0.179000000000 -15.480425795731 -15.220094016373 -15.085808915461 -14.812551282937 -14.553971984541 -14.290847201854 -14.098250131426 -13.840840441809 -13.584304051246 -13.078167470274 -12.644716957567 -12.047102005032
          1      247.000 -39.232000000000   0.181000000000 -15.694684253837 -15.346578882014 -15.179466298784 -14.858641274810 -14.574389704781 -14.300336140536 -14.105634237924 -13.849791239987 -13.596784278994 -13.096092950606 -12.662235129065 -12.057485159733
          1      248.000 -39.951000000000   0.183000000000 -16.224602968893 -15.779144223501 -15.564300829358 -15.153836573550 -14.796852465932 -14.463460244839 -14.233998006761 -13.942070328108 -13.662808275384 -13.130596538409 -12.682940368781 -12.068409698935
          1      249.000 -35.069000000000   0.185000000000 -16.495776837672 -16.061837575853 -15.845463403913 -15.421119879069 -15.041197846304 -14.678137352074 -14.425419174711 -14.102488533907 -13.794155359462 -13.213861550624 -12.736314318289 -12.095928965863
          1      250.000 -34.377000000000   0.187000000000 -16.500515435654 -16.110757367257 -15.913767709338 -15.521657935619 -15.162501634105 -14.810214159781 -14.559878601969 -14.234054717169 -13.917726039172 -13.313242105265 -12.812448094415 -12.144211579425
          1      251.000 -29.352000000000   0.188000000000 -16.408262293772 -16.067906108017 -15.892125592656 -15.536222433029 -15.203478231684 -14.870488890156 -14.630278782939 -14.313300314461 -14.001291038136 -13.395160874822 -12.885677187401 -12.200736338482
          1      252.000 -21.569000000000   0.190000000000 -16.047224731199 -15.807679945489 -15.676237764150 -15.397485809587 -15.122695932032 -14.834222412098 -14.619195693049 -14.327691295706 -14.033627211403 -13.446865011120 -12.942213674178 -12.253588988933
          1      253.000 -28.608000000000   0.191000000000 -15.707163433120 -15.494713761413 -15.383773940687 -15.153657246003 -14.928091860154 -14.688117642271 -14.505632740819 -14.252379496916 -13.990091496633 -13.448318280296 -12.966293273311 -12.291491359170
          1      254.000 -26.216000000000   0.191000000000 -15.693975592288 -15.451433383594 -15.327188839099 -15.075918732939 -14.839087234999 -14.597212766568 -14.418305925768 -14.174936333687 -13.926263901903 -13.415250844429 -12.957444019463 -12.306612398933
          1      255.000 -24.641000000000   0.192000000000 -15.565771244012 -15.345542427952 -15.230474312253 -14.994152415332 -14.767766575186 -14.533819691745 -14.359862009308 -14.122811042842 -13.880714649419 -13.384441457972 -12.940596771245 -12.308113244325
          1      256.000 -22.705000000000   0.192000000000 -15.374034726053 -15.182873256853 -15.081276156233 -14.869633299463 -14.663325294930 -14.446560930926 -14.283483817136 -14.059128917601 -13.828062930780 -13.350289525006 -12.919991738271 -12.303576397916
          1      257.000 -21.873000000000   0.193000000000 -15.157555211473 -14.991225293738 -14.902148293222 -14.715024214671 -14.530294815199 -14.333407134114 -14.183554504617 -13.975184068730 -13.758315288786 -13.304236672417 -12.890465057547 -12.292258967231
          1      258.000 -25.324000000000   0.193000000000 -15.047372027179 -14.867042081199 -14.774791849959 -14.587062977512 -14.407287491489 -14.219492269543 -14.077756843630 -13.881263553177 -13.676626387565 -13.245897301098 -12.850038697189 -12.272400214486
          1      259.000 -31.352000000000   0.193000000000 -15.202765583685 -14.951838560836 -14.830154867885 -14.594236491672 -14.382028287681 -14.173381223650 -14.022299940025 -13.819515405394 -13.613797057137 -13.190418498589 -12.805995617882 -12.245949215872
          1      260.000 -32.903000000000   0.193000000000 -15.525852049446 -15.206348265942 -15.051296199648 -14.752733643840 -14.489399128841 -14.238539198421 -14.062471225161 -13.833671693121 -13.609311588828 -13.165984387335 -12.777219158206 -12.222323976592
          1      261.000 -34.715000000000   0.192000000000 -15.810380738826 -15.454228916328 -15.280206385180 -14.943475289298 -14.645379479147 -14.361611479118 -14.163445833256 -13.908203303107 -13.661238550073 -13.184561331461 -12.778484518878 -12.213699412231
          1      262.000 -32.050000000000   0.192000000000 -16.000390277944 -15.643314257249 -15.465269022296 -15.115464085650 -14.800719429511 -14.497374754940 -14.284292079491 -14.009245304824 -13.743480348770 -13.234582902979 -12.807522218472 -12.224575348755
          1      263.000 -29.990000000000   0.191000000000 -16.000313248809 -15.677612735056 -15.513640463453 -15.185882801608 -14.884123233277 -14.586386681000 -14.373644728335 -14.095125461718 -13.822760564485 -13.296117004515 -12.852993945318 -12.251739377380
          1      264.000 -31.965000000000   0.190000000000 -15.986968319005 -15.672728919511 -15.514597412841 -15.199907619377 -14.910293701165 -14.623146776743 -14.416539861921 -14.143743126809 -13.874345692793 -13.346803502839 -12.897999886351 -12.286050995434
          1      265.000 -40.980000000000   0.189000000000 -16.249439869301 -15.860081951937 -15.672315323026 -15.311350878880 -14.992239199635 -14.686812324062 -14.471823712158 -14.192255111005 -13.919149736265 -13.387978925743 -12.936599216713 -12.319800098466
          1      266.000 -41.448000000000   0.188000000000 -16.756193463872 -16.284320133759 -16.055700915641 -15.617281770599 -15.234349378268 -14.875764268717 -14.628958029250 -14.315420199654 -14.016624907245 -13.452510208484 -12.985299424862 -12.356603275523
          1      267.000 -39.988000000000   0.187000000000 -17.083212486757 -16.603970302900 -16.367416296544 -15.906850094678 -15.497523260362 -15.108829160786 -14.839499375060 -14.496554504730 -14.170403117690 -13.560762036115 -13.064555889866 -12.409599257532
          1      268.000 -37.641000000000   0.185000000000 -17.218554300521 -16.766791096548 -16.540338221585 -16.093331274371 -15.688760444120 -15.297390307952 -15.022534127772 -14.668568363849 -14.328667681759 -13.688393674304 -13.166476426167 -12.481962886908
          1      269.000 -35.223000000000   0.184000000000 -17.213160254721 -16.802100492097 -16.593512187662 -16.177046310331 -15.794081521089 -15.417135507390 -15.148758364763 -14.798707909744 -14.458315541187 -13.807896180148 -13.271562967985 -12.564799191253
          1      270.000 -36.533000000000   0.183000000000 -17.191820577919 -16.798265798895 -16.599762306150 -16.204331675351 -15.840318302523 -15.480159486418 -15.222038768834 -14.882669034822 -14.549527182466 -13.904458109798 -13.365138633144 -12.647172554844
          1      271.000 -33.395000000000   0.182000000000 -17.193837940932 -16.816908073232 -16.625151763189 -16.241161792824 -15.886095994785 -15.533753649148 -15.280785093059 -14.947554842706 -14.619585409506 -13.981334831974 -13.443789327195 -12.722448401111
          1      272.000 -30.095000000000   0.181000000000 -17.045002901337 -16.717995243190 -16.548375549935 -16.203103252247 -15.877284279909 -15.547569645194 -15.307555152810 -14.987738255225 -14.669662189554 -14.043550786417 -13.510799511387 -12.790165018335
          1      273.000 -33.310000000000   0.180000000000 -16.919132313831 -16.603969597804 -16.443625446484 -16.120738326180 -15.817990466255 -15.511402121747 -15.287123484015 -14.986092582007 -14.683920521609 -14.081032423989 -13.560537373135 -12.847853312301
          1      274.000 -29.762000000000   0.179000000000 -16.893867002416 -16.582463479366 -16.422840952959 -16.100855672929 -15.799799860038 -15.496867685829 -15.276552554574 -14.982293305217 -14.687988222976 -14.101467231738 -13.593434930813 -12.892841459657
          1      275.000 -27.895000000000   0.179000000000 -16.724641958456 -16.453108508674 -16.311495561487 -16.021416506517 -15.744856596078 -15.461328851297 -15.252484532352 -14.970768966490 -14.686668495085 -14.115991873917 -13.618577133108 -12.929080723146
          1      276.000 -27.360000000000   0.179000000000 -16.542634710137 -16.296187637462 -16.167647171128 -15.903741809748 -15.650677937639 -15.388980975685 -15.194613949566 -14.930194518851 -14.661100844334 -14.114172383799 -13.631839236606 -12.956849647527
          1      277.000 -21.966000000000   0.180000000000 -16.300471371418 -16.099979006938 -15.991245611017 -15.761898220059 -15.535874819622 -15.297034783437 -15.117270452444 -14.870213571017 -14.616484379798 -14.095242682320 -13.630548125352 -12.973770202058
          1      278.000 -12.797000000000   0.180000000000 -15.767428814881 -15.678403969480 -15.618614378353 -15.474644238108 -15.313569323602 -15.126176288812 -14.976858252520 -14.762927037379 -14.535654099537 -14.053267456878 -13.612279996259 -12.978611216151
          1      279.000 -12.596000000000   0.182000000000 -15.091583461277 -15.091050336608 -15.077067610125 -15.023574625773 -14.941637964014 -14.825362890040 -14.721799528621 -14.560785739464 -14.377782927971 -13.962043912664 -13.561011832909 -12.964092951885
          1      280.000  -6.760000000000   0.183000000000 -14.512772710140 -14.569245017494 -14.583177324688 -14.584629308201 -14.552983956907 -14.486215388662 -14.417634623955 -14.301284974283 -14.159961560910 -13.816468793750 -13.465512387386 -12.919724675016
          1      281.000 -11.142000000000   0.185000000000 -13.991490282424 -14.068549931452 -14.098194354420 -14.137816638805 -14.146773388829 -14.123218038646 -14.086138261074 -14.010700314439 -13.908197710276 -13.634242754401 -13.334411889483 -12.845248765478
          1      282.000 -10.480000000000   0.188000000000 -13.741804282809 -13.792877440621 -13.812383504808 -13.838259329618 -13.843360132020 -13.825460868476 -13.797535001180 -13.739696128424 -13.659116915166 -13.435187447957 -13.179535892112 -12.745653764187
          1      283.000  -8.310000000000   0.191000000000 -13.456128077697 -13.519713191396 -13.544064372583 -13.577906458203 -13.589558417527 -13.578752615203 -13.556953813298 -13.509107015689 -13.440762370996 -13.247229725477 -13.022354208376 -12.632918258497
          1      284.000 -10.943000000000   0.194000000000 -13.187698507400 -13.248980836491 -13.274815209102 -13.315157262996 -13.335895552037 -13.336317960978 -13.323484413228 -13.288305299170 -13.233236804715 -13.067730619006 -12.868623267809 -12.516037001189
          1      285.000  -9.790000000000   0.198000000000 -13.027658765779 -13.074921418731 -13.094172251966 -13.123264346316 -13.136915470439 -13.134443975255 -13.122048754716 -13.090555419606 -13.042097580168 -12.895983850273 -12.717845426138 -12.397110678934
          1      286.000 -13.697000000000   0.202000000000 -12.898565598198 -12.927276898121 -12.939517461062 -12.958127016434 -12.965711051710 -12.960435569174 -12.947688495607 -12.917725360581 -12.872799683388 -12.738775941074 -12.575489166607 -12.279815390434
          1      287.000 -18.439000000000   0.206000000000 -12.921322508861 -12.902966939408 -12.894822847805 -12.878702463876 -12.861329249334 -12.838277893091 -12.816468724461 -12.778893831756 -12.730515330857 -12.598739457306 -12.444239809855 -12.167204676438
          1      288.000 -22.163000000000   0.211000000000 -13.077687222378 -13.000624794030 -12.965415257501 -12.900339226017 -12.844464826573 -12.790405195265 -12.750445229615 -12.694168159714 -12.632562354962 -12.487419314042 -12.331789159038 -12.063830049888
          1      289.000 -25.235000000000   0.217000000000 -13.303582382116 -13.172628816431 -13.111478300992 -12.997479917164 -12.900693043189 -12.811078339820 -12.748722092976 -12.667281667358 -12.585565401133 -12.413548832348 -12.246398080669 -11.976031305601
          1      290.000 -24.938000000000   0.222000000000 -13.531744834679 -13.364536130527 -13.284400335818 -13.132198690351 -13.000904287315 -12.878905786405 -12.794849794403 -12.687440524320 -12.583346545966 -12.377323756241 -12.191255221351 -11.908444438223
          1      291.000 -19.432000000000   0.228000000000 -13.629387544416 -13.469986430070 -13.389788292013 -13.231482441735 -13.088779073231 -12.951124866076 -12.854228811376 -12.728964086411 -12.607296422001 -12.370096009521 -12.163130182848 -11.862013604518
          1      292.000 -16.782000000000   0.235000000000 -13.516671773140 -13.402483633135 -13.341326851340 -13.214011476324 -13.091342468488 -12.965095945095 -12.872022196154 -12.747032372694 -12.621664826056 -12.370641145594 -12.149698516067 -11.832202533197
          1      293.000 -17.988000000000   0.241000000000 -13.351024568794 -13.265097031881 -13.218349020747 -13.118925765503 -13.019629872180 -12.912946843871 -12.831394090364 -12.718020722321 -12.600338016099 -12.355277924109 -12.132743720985 -11.808577180003
          1      294.000 -20.288000000000   0.249000000000 -13.276538213415 -13.184599382745 -13.137093241933 -13.039596106894 -12.945354213505 -12.845992359795 -12.770391075640 -12.664985266442 -12.554622181522 -12.320681132509 -12.103601276516 -11.781823954076
          1      295.000 -20.769000000000   0.256000000000 -13.273644538800 -13.169167322457 -13.115886298834 -13.008343003457 -12.907082556963 -12.803333596406 -12.726033076399 -12.620060015720 -12.510563205579 -12.280640565727 -12.067645409646 -11.750436288163
          1      296.000 -14.705000000000   0.263000000000 -13.228803815189 -13.131940600868 -13.080989733264 -12.975981634596 -12.875204595836 -12.770752890758 -12.692633302968 -12.585556449606 -12.475224378652 -12.244901278609 -12.032846460769 -11.718146501331
          1      297.000  -2.864000000000   0.271000000000 -13.025549611951 -12.977651817409 -12.946874427847 -12.874861010277 -12.796780940554 -12.708109996261 -12.638192966630 -12.538746800717 -12.433400888900 -12.208521639137 -11.998938290967 -11.686772875398
          1      298.000  -7.974000000000   0.279000000000 -12.624598345472 -12.648502513628 -12.651408412702 -12.640859500108 -12.611440459808 -12.562230248580 -12.515681725240 -12.440967678847 -12.354284561686 -12.153533733525 -11.955755174908 -11.652559870547
          1      299.000  -9.161000000000   0.286000000000 -12.319678991682 -12.359082723300 -12.372915304582 -12.388465095043 -12.386576337970 -12.366329651055 -12.340507686614 -12.291762056435 -12.228337559472 -12.064718850777 -11.889736606297 -11.606849667334
          1      300.000  -8.952000000000   0.294000000000 -12.130893763627 -12.165768890674 -12.179113375985 -12.196995140835 -12.201222632923 -12.190880940578 -12.174074523824 -12.139025620396 -12.090304358752 -11.955949956640 -11.803731972477 -11.545960954778
          1      301.000  -9.251000000000   0.301000000000 -11.982106180785 -12.013758077257 -12.026147561009 -12.043511060127 -12.049177598756 -12.042451961707 -12.029550306369 -12.001239087189 -11.960649433831 -11.845092648422 -11.710129171272 -11.474855213181
          1      302.000  -5.337000000000   0.308000000000 -11.850944116285 -11.881270187179 -11.893189766480 -11.910207083500 -11.916542064126 -11.911755182749 -11.901079156468 -11.876805221678 -11.841335010015 -11.738484183358 -11.616243346984 -11.399318102949
          1      303.000  -5.422000000000   0.314000000000 -11.693636991625 -11.733728254236 -11.749856460560 -11.774180204778 -11.786234612792 -11.786470593755 -11.779258443792 -11.759586521090 -11.728896925200 -11.636527234219 -11.524445655238 -11.322643480595
          1      304.000 -10.901000000000   0.321000000000 -11.532759331651 -11.578354449382 -11.597816936067 -11.629405175862 -11.648508068983 -11.655807759769 -11.653621431285 -11.640417294280 -11.615941393716 -11.535457637199 -11.433469061680 -11.245641098629
          1      305.000  -7.227000000000   0.326000000000 -11.439182174262 -11.473161694169 -11.488205224201 -11.513510713736 -11.529721860778 -11.536844325136 -11.535857781271 -11.525617086633 -11.505190539653 -11.434609318812 -11.342116286138 -11.167778882890
          1      306.000 -10.978000000000   0.331000000000 -11.357863605361 -11.387264386456 -11.399963281003 -11.420776969137 -11.433427810759 -11.437988049458 -11.435887155581 -11.425256184594 -11.405631733901 -11.339653623197 -11.253549534938 -11.090210188187
          1      307.000 -12.303000000000   0.335000000000 -11.302433216603 -11.320900900628 -11.329045006271 -11.342350648333 -11.349832863220 -11.350899788632 -11.347143486961 -11.335360361937 -11.315614710344 -11.251921575901 -11.169998562826 -11.014940485060
          1      308.000 -12.365000000000   0.338000000000 -11.284211157798 -11.288316431985 -11.289838861641 -11.291223052951 -11.289462529886 -11.283271771058 -11.275411209228 -11.259657713402 -11.237443071495 -11.172432446610 -11.092341156515 -10.943026089171
          1      309.000  -9.689000000000   0.341000000000 -11.268219970418 -11.264345469136 -11.261597095693 -11.254349278251 -11.244895846461 -11.231719999441 -11.219378860161 -11.198623886075 -11.172555526677 -11.103127565793 -11.022310808493 -10.875784512825
          1      310.000  -9.683000000000   0.343000000000 -11.215269509333 -11.215140463654 -11.213407977266 -11.206794705365 -11.196518236537 -11.181433000369 -11.167307756188 -11.143970165610 -11.115399046464 -11.042092737502 -10.959682219413 -10.813962858211
          1      311.000  -8.840000000000   0.343000000000 -11.137940104954 -11.143491077881 -11.144277429099 -11.141988080842 -11.134775757984 -11.121765663026 -11.108606489826 -11.085943791813 -11.057547554772 -10.983906661006 -10.901298832473 -10.756543890541
          1      312.000  -6.048000000000   0.343000000000 -11.045894644898 -11.058826202586 -11.062878227108 -11.066339856214 -11.063555090187 -11.054107108808 -11.043072036812 -11.022683650548 -10.996048771173 -10.924893315366 -10.843900024780 -10.701466537899
          1      313.000  -5.948000000000   0.342000000000 -10.922384139874 -10.948468499739 -10.958458109470 -10.972498394247 -10.977944582867 -10.975192459765 -10.968206923996 -10.952249421751 -10.929161824055 -10.863249084967 -10.785607353587 -10.647071383677
          1      314.000  -5.589000000000   0.340000000000 -10.787448603633 -10.824087564909 -10.839353990609 -10.863644689642 -10.877972855064 -10.883270705959 -10.881569843810 -10.871828151375 -10.854067856556 -10.796559515709 -10.724420155522 -10.591843085291
          1      315.000  -5.557000000000   0.337000000000 -10.659368249367 -10.702546685560 -10.721287337430 -10.752717016116 -10.773730337936 -10.785635908948 -10.788603955117 -10.784770817790 -10.772487729976 -10.724526165865 -10.659268443411 -10.534488525668
          1      316.000  -6.677000000000   0.333000000000 -10.544263102893 -10.590197905726 -10.610695090913 -10.646180784368 -10.671469521130 -10.688050195437 -10.694567603524 -10.695526177123 -10.687985942867 -10.649020663722 -10.590862250974 -10.474730543717
          1      317.000  -6.844000000000   0.329000000000 -10.453265317443 -10.496780746975 -10.516621679678 -10.551763318632 -10.577824903313 -10.596192777590 -10.604516483147 -10.608400010121 -10.604187511926 -10.572459782355 -10.520720246612 -10.413121287238
          1      318.000  -5.156000000000   0.323000000000 -10.376856011660 -10.418050121961 -10.436851241351 -10.470298603778 -10.495412042438 -10.513596986779 -10.522267915608 -10.527228305671 -10.524692601189 -10.497639846758 -10.450870385154 -10.350763883917
          1      319.000  -8.531000000000   0.316000000000 -10.293901606214 -10.336181273174 -10.355518330788 -10.389978598610 -10.415973977332 -10.435056623883 -10.444448652744 -10.450525157953 -10.449334851050 -10.425743550008 -10.382777079172 -10.288871095162
          1      320.000  -7.085000000000   0.309000000000 -10.238487929649 -10.273803632765 -10.290372991814 -10.320571123128 -10.344027857565 -10.361837712653 -10.370925218491 -10.377259496235 -10.376893062128 -10.356094892359 -10.316403757887 -10.227932799967
          1      321.000  -4.574000000000   0.300000000000 -10.186231503072 -10.219798393455 -10.235123003478 -10.262506186081 -10.283332484311 -10.298829720818 -10.306566518626 -10.311655177207 -10.310685179923 -10.290396417345 -10.252622035715 -10.168377355240
          1      322.000  -3.114000000000   0.291000000000 -10.073636539853 -10.123385388093 -10.145179701611 -10.182766721313 -10.210187805993 -10.229919527417 -10.239698574750 -10.246541387048 -10.246682371480 -10.227995299541 -10.191841042283 -10.110866616793
          1      323.000  -2.277000000000   0.281000000000  -9.908908845739  -9.978633846322 -10.009807233160 -10.064576844082 -10.105701054433 -10.136720973703 -10.153308765279 -10.167446871113 -10.173204938589 -10.162208896581 -10.130486775847 -10.054295369941
          1      324.000  -1.871000000000   0.271000000000  -9.739999614573  -9.823461092612  -9.861615422021  -9.930155599113  -9.983454162133 -10.025761860572 -10.049901622757 -10.073037593788 -10.086579518847 -10.087863054182 -10.063992989004  -9.995815994167
          1      325.000  -3.474000000000   0.260000000000  -9.591160646467  -9.679893497048  -9.721402219195  -9.797585572485  -9.858710573996  -9.909261633105  -9.939452825856  -9.970438203158  -9.991392061236 -10.005762868365  -9.991319375359  -9.933558344627
          1      326.000  -3.656000000000   0.248000000000  -9.489532618906  -9.573068422096  -9.612891003410  -9.687391441910  -9.748902240322  -9.801647026050  -9.834330281875  -9.869518535455  -9.895308638611  -9.920033945541  -9.914388433384  -9.867586374389
          1      327.000  -3.094000000000   0.236000000000  -9.380218389515  -9.468135129012  -9.509594600283  -9.586633702706  -9.649995403493  -9.704503348602  -9.738621925666  -9.776069471964  -9.804570692827  -9.835914609311  -9.836878981485  -9.799613504576
          1      328.000  -3.344000000000   0.224000000000  -9.261161076833  -9.353391332740  -9.397159997319  -9.478881314842  -9.546487892192  -9.605062212228  -9.642025889076  -9.683093519879  -9.715074454010  -9.753201815183  -9.760103201846  -9.731241684141
          1      329.000  -2.668000000000   0.211000000000  -9.154385369854  -9.248148158394  -9.292784504770  -9.376488012176  -9.446276792340  -9.507423797972  -9.546483302560  -9.590563423794  -9.625728628555  -9.670483366875  -9.683259980134  -9.662561945368
          1      330.000  -0.795000000000   0.197000000000  -9.011688681631  -9.121795753894  -9.172643727718  -9.266056616028  -9.342480652266  -9.408683959980  -9.450851469777  -9.498586108692  -9.537109330456  -9.588266076826  -9.606581553529  -9.593655116735
          1      331.000   2.453000000000   0.184000000000  -8.684210815782  -8.852860980549  -8.929437227429  -9.067243435200  -9.176415740443  -9.267589295847  -9.323993303025  -9.386232579713  -9.435484241455  -9.501062860239  -9.527837549229  -9.524040456738
          1      332.000   3.933000000000   0.121000000000  -8.174087637480  -8.436596161386  -8.553609761415  -8.760947372424  -8.922298141610  -9.055088066252  -9.136539073587  -9.225917348804  -9.296621743559  -9.392717461334  -9.436979874667  -9.449270529954
          1      333.000   2.320000000000   0.050000000000  -6.877796775406  -7.438828129154  -7.681189511267  -8.098242247348  -8.410395643696  -8.657218811559  -8.803849922453  -8.959856215102  -9.079956543459  -9.241051815743  -9.319701148867  -9.361318288437
          1      334.000   4.165000000000   0.000000000000   3.702996486499  -2.505277872778  -3.627069782464  -5.398084765098  -6.574481823066  -7.397767785280  -7.842162833873  -8.273059863002  -8.577032367166  -8.951355729562  -9.126921243999  -9.239597658859
          1      335.000   4.008000000000   0.000000000000   3.930806610257  -0.336737197817  -1.141201133515  -2.644907222837  -3.904014614075  -5.032962611418  -5.768461592966  -6.592497475001  -7.253571710047  -8.173150306510  -8.650231887269  -8.994790227149
          1      336.000   0.736000000000   0.000000000000   0.727735724648  -0.217659794424  -0.793662687132  -1.949311356882  -2.973491287470  -3.948775804375  -4.626110643271  -5.437474193394  -6.143994876225  -7.259616131070  -7.948124254287  -8.555623498166
          1      337.000   2.550000000000   0.000000000000   2.500053593934  -0.173285205205  -0.698450597173  -1.700933839999  -2.577921101191  -3.420702460615  -4.019217935309  -4.756429948825  -5.423258556951  -6.546382520566  -7.307670590019  -8.063963272826
          1      338.000   1.198000000000   0.000000000000   1.178434086920  -0.076545364073  -0.539636922278  -1.443736911246  -2.243279382141  -3.018554613648  -3.575407275352  -4.267548126127  -4.902067739000  -6.000176347111  -6.779434052807  -7.606764248744
          1      339.000  -0.651000000000   0.000000000000  -0.611067849646  -0.245858051418  -0.625969466400  -1.391447404732  -2.084915968889  -2.770179882445  -3.272417830731  -3.908994001249  -4.504081729389  -5.561396008717  -6.337742899096  -7.198771620547
          1      340.000  -0.880000000000   0.000000000000  -0.885125579135  -1.239997203856  -1.439901995671  -1.883999352877  -2.335540750237  -2.822841918093  -3.207025677110  -3.731528412328  -4.251211025502  -5.225616677896  -5.974800621122  -6.840644511289
          1      341.000   1.318000000000   0.000000000000   1.255652693486  -0.546952513929  -0.917994588145  -1.605903515399  -2.191098610990  -2.748162905944  -3.148638986154  -3.653145646744  -4.130493939907  -5.014332004663  -5.708274973494  -6.542648318090
          1      342.000   2.551000000000   0.000000000000   2.491930558334  -0.238258836609  -0.609813248883  -1.308953873727  -1.912377454612  -2.492328279555  -2.910783799777  -3.433203107108  -3.920027396711  -4.800836684551  -5.479298268479  -6.293937567090
          1      343.000   6.473000000000   0.000000000000   6.391182198133   1.302699720359  -0.171458953718  -0.952882407230  -1.599987865200  -2.212647022106  -2.650533757582  -3.188808239850  -3.684663935785  -4.572335696379  -5.250482962819  -6.062746815825
          1      344.000   3.580000000000   0.000000000000   3.553808796713   1.389287405351   0.238516471260  -0.650908244474  -1.292066110116  -1.911431994612  -2.361129815297  -2.915594388963  -3.425335177953  -4.331802225007  -5.018962196305  -5.838779399529
          1      345.000   4.215000000000   0.000000000000   4.179096798669   1.806298122093   0.625631187203  -0.496688840101  -1.106930488688  -1.701353580145  -2.138506581482  -2.682885032887  -3.188205627955  -4.095700538267  -4.788561677155  -5.618431124814
          1      346.000   3.583000000000   0.000000000000   3.556849078282   1.682395978993   0.717363128216  -0.384697640805  -0.970251320870  -1.541408745428  -1.964298503433  -2.493318306932  -2.987408099900  -3.882584921480  -4.572681887757  -5.406514248363
          1      347.000   2.324000000000   0.000000000000   2.310287904017   1.203544387178   0.607378743821  -0.313344532007  -0.867021492022  -1.411954956272  -1.819470908617  -2.332374615016  -2.813950323665  -3.692337069065  -4.374972560089  -5.207071740481
          1      348.000   1.486000000000   0.000000000000   1.476783845583   0.731733080591   0.327403010060  -0.295483101234  -0.813364986416  -1.325932503811  -1.712749710981  -2.203877972073  -2.668721407232  -3.524426025976  -4.195743041933  -5.021588354886
          1      349.000   3.992000000000   0.000000000000   3.957156310962   1.909948657403   0.953459931678  -0.267796488173  -0.766850670041  -1.258126923927  -1.629187705693  -2.100779013402  -2.548699943451  -3.378697360606  -4.035394319848  -4.850701727003
          1      350.000   5.341000000000   0.000000000000   5.301440545206   2.779046251323   1.553535398606  -0.163212801533  -0.676700774176  -1.170921061672  -1.540184326354  -2.003189956753  -2.440246851301  -3.249200809132  -3.891409408316  -4.694033953849
          1      351.000   5.157000000000   0.000000000000   5.125639205438   2.958790425787   1.867451194134  -0.055769938044  -0.570926440248  -1.064790087212  -1.434800530278  -1.896066350891  -2.329001832057  -3.126213533291  -3.757837032652  -4.549110266982
          1      352.000   5.666000000000   0.000000000000   5.632062668802   3.378527043067   2.257586760832   0.040573438899  -0.470888793544  -0.959823564049  -1.328732701255  -1.787748059077  -2.217379176765  -3.006173822977  -3.630118497192  -4.412504996324
          1      353.000   7.667000000000   0.000000000000   7.621322453705   4.779799167858   3.434844227683   0.883445148041  -0.370181074946  -0.861198940163  -1.230947542572  -1.686760200043  -2.111641126565  -2.890893730122  -3.507682151342  -4.282417392310
          1      354.000  10.441000000000   0.000000000000  10.382983660102   6.811934733577   5.144702716793   2.055122659247  -0.252692970695  -0.754901842892  -1.130485794155  -1.586425732707  -2.008523117023  -2.780292615846  -3.390707425326  -4.158352360921
          1      355.000   6.029000000000   0.000000000000   6.017479853427   4.616437007777   3.736700414806   1.764358534116  -0.143734117987  -0.649172791294  -1.027278060665  -1.483780421683  -1.904982284911  -2.672371828280  -3.277956168615  -4.039586731753
          1      356.000   7.970000000000   0.000000000000   7.930909370195   5.525313792592   4.387208185281   2.223758008055  -0.091093229601  -0.572634374594  -0.940167631594  -1.389587706863  -1.806513441478  -2.567689901932  -3.168723134504  -3.925155947643
          1      357.000   4.829000000000   0.000000000000   4.821079507181   3.840093773946   3.216583095626   1.795501303535  -0.033604125737  -0.509070668684  -0.870835994748  -1.311318535010  -1.720520773089  -2.470465735714  -3.064926302371  -3.815296112212
          1      358.000   7.193000000000   0.000000000000   7.156994657519   5.025947277061   4.052147885122   2.272115627409   0.004597759229  -0.455808214666  -0.809083076326  -1.240861693531  -1.642772850465  -2.380962104353  -2.967732547231  -3.710729681849
          1      359.000  11.072000000000   0.000000000000  11.016621711799   7.769179576489   6.289187299148   3.572365827868   0.070803919487  -0.409409544532  -0.756427990938  -1.179304417653  -1.573263235608  -2.298650335522  -2.877023938271  -3.611768351573
          1      360.000  11.950000000000   0.000000000000  11.905342811253   8.974813703440   7.536917601086   4.746060386467   0.975231691223  -0.325290503819  -0.688021586392  -1.114572757601  -1.505976791526  -2.221880390382  -2.792166330997  -3.518205601046
          1      361.000   6.985000000000   0.000000000000   6.982351422364   6.106935073169   5.461411985822   3.885875749673   1.340929763025  -0.237623465366  -0.614286623404  -1.045311656228  -1.436274869451  -2.146715460116  -2.710941451010  -3.429286327027
          1      362.000  11.380000000000   0.000000000000  11.326697143164   8.293293608073   6.942637364563   4.518145621453   1.497319638037  -0.191065893535  -0.555816109021  -0.980159101384  -1.367705981340  -2.072683259610  -2.632008835157  -3.343889786313
          1      363.000   7.983000000000   0.000000000000   7.972944460490   6.810646896361   6.086090286826   4.450180546762   1.944880302580  -0.115212027541  -0.496951036941  -0.921496901977  -1.305347737817  -2.002488702190  -2.556089710036  -3.261551607581
          1      364.000  11.033000000000   0.000000000000  10.988186734193   8.347668098496   7.139996986844   4.920077211836   2.084835775323  -0.076124997207  -0.448788749332  -0.866620411696  -1.246007963555  -1.935732307386  -2.483649073688  -3.182552799236
          1      365.000  11.793000000000   0.000000000000  11.755623347340   9.306528053987   8.106823863615   5.791035219028   2.755278578109   0.005461153068  -0.401439465520  -0.817836457795  -1.192355313088  -1.873080554976  -2.414713832632  -3.106796271863
