   1.0000000000000000     
   11.792999999999999     
   11.792842922999167     
   11.792685846015347     
   11.792528769065546     
   11.792371692166776     
   11.792214615336047     
   11.792057538590367     
   11.791900461946749     
   11.791743385422203     
   11.791586309033736     
   11.791429232798359     
   11.791272156733079     
   11.791115080854905     
   11.790958005180842     
   11.790800929727897     
   11.790643854513077     
   11.790486779553383     
   11.790329704865821     
   11.790172630467396     
   11.790015556375108     
   11.789858482605961     
   11.789701409176953     
   11.789544336105084     
   11.789387263407352     
   11.789230191100756     
   11.789073119202291     
   11.788916047728952     
   11.788758976697729     
   11.788601906125615     
   11.788539078030078     
   11.788476250011808     
   11.788413422071891     
   11.788382008131720     
   11.788350594211547     
   11.788319180311506     
   11.788303473369085     
   11.788294049206073     
   11.788290907818809     
   11.788287766431749     
   11.761063684137261     
   11.733839630352666     
   11.652167785853464     
   11.516050558990599     
   11.243834638909640     
   10.971667665461538     
   10.699573746347060     
   10.427576799203816     
   9.6123097827754158     
   9.0697472087937232     
   8.5281181440890972     
   7.9875874660607904     
   7.4483088100909729     
   6.9104231098613189     
   6.3740573401383838     
   5.6832497115159128     
   4.9953917648296198     
   4.3106468690286750     
   3.6291335898185295     
   2.9509291565465379     
   2.2760762964137422     
   1.6045942297518692     
  0.93649467210960735     
  0.49043754848090848     
   4.6698652757791136E-002
 -0.17625360079101191     
 -0.31927420845108295     
 -0.44204681914681276     
 -0.55402767189832391     
 -0.65895307362639899     
 -0.75876182901621703     
 -0.85461372132661473     
 -0.94726633380167335     
  -1.0372451315850992     
  -1.1249308600575192     
  -1.2106087667307714     
  -1.2944982808984440     
  -1.3767718798144712     
  -1.4575675959420233     
  -1.5369975975907912     
  -1.6151542457907684     
  -1.6921144739123672     
  -1.7679430205873277     
  -1.8426948593676342     
  -1.9164170537005822     
  -1.9891501930750985     
  -2.0609295188877890     
  -2.1317858170627675     
  -2.2017461330174788     
  -2.2708343497005186     
  -2.3390716589443454     
  -2.4064769488695501     
  -2.4640956962692884     
  -2.5211588582614568     
  -2.5777004897823410     
  -2.7167550854927258     
  -2.8526439987969816     
  -2.9854167718907938     
  -3.1151147817038076     
  -3.2417731555300069     
  -3.3654222297624807     
  -3.4860886755119194     
  -3.6037963776466944     
  -3.7185671287323459     
  -3.8304211821867460     
  -3.9393776970272452     
  -4.0454550981583886     
  -4.1486713701208604     
  -4.2490442978577896     
  -4.3465916648582592     
  -4.4413314166723019     
  -4.5332817960235099     
  -4.6224614544115958     
  -4.7088895440824468     
  -4.7925857934648741     
  -4.9518337254953897     
  -5.1004101171772849     
  -5.2384980068437068     
  -5.3662931834202308     
  -5.4840043876351237     
  -5.5918532090199351     
  -5.6900737412059534     
  -5.7789120442969972     
  -5.8586254535257352     
  -5.9294817665047823     
  -5.9917583362374236     
  -6.0457410930680533     
  -6.0917235155560663     
  -6.1300055676107963     
  -6.1608926169769447     
  -6.1846943482116181     
  -6.2017236815808534     
  -6.2122957077815633     
  -6.2167266470330151     
  -6.2153328398568135     
  -6.2084297757574873     
  -6.1963311650118857     
  -6.1793480578618940     
  -6.1577880145705493     
  -6.1319543290374163     
  -6.1021453079674934     
  -6.0686536069430357     
  -6.0317656241546622     
  -5.9486281115671531     
  -5.8045474743736678     
  -5.5867137022842019     
  -5.4132380712197508     
  -5.1158378097975152     
  -4.8266875560753011     
  -4.5589286770591428     
  -4.2804078179584852     
  -4.0337824870853840     
  -3.8175763623276784     
  -3.6314476618712650     
  -3.4739345319372261     
  -3.3428446697104794     
  -3.2355554093673264     
  -3.1492429918743046     
  -3.0810550395904399     
  -3.0282365414199819     
  -2.9882173389625430     
  -2.9395942689575745     
  -2.9174734677686249     
  -2.9108163106351306     
  -2.9122655996439524     
  -2.9172717876517544     
  -2.9232528475133828     
  -2.9289042382034620     
  -2.9336872197469614     
  -2.9402753399753645     
  -2.9443772709848193     
  -2.9449630640375020     
  -2.9449995401374172     
  -2.9449999887492346     
  -2.9449999997542600     
  -2.9449999999952996     
  -2.9449999999999124     
